58
XM_069226450.1 0.0000000 0.0260255 0.0175590 0.0141943 0.0476777 0.3146312 0.3471640 0.6919844 0.6910743 0.5204705 0.6645024 0.6868792 0.6637731 0.4410883 0.6513358 0.5290413 0.6538596 0.6972656 0.5314373 0.4206558 0.4674741 0.4686108 0.6169510 0.6626073 0.6649347 0.4742609 0.6902959 0.6573582 0.7032243 0.7032243 0.6861510 0.7032243 0.7032243 0.6944869 0.6401812 0.6337470 0.6731573 0.6731573 0.6328422 0.6276357 0.6697670 0.6697670 0.6010619 0.6628704 0.7036625 0.6985364 0.6677325 0.6634358 0.6634358 0.6634358 0.6634358 0.6634358 0.6310543 0.6793963 0.6959089 0.4525260 0.6579486 0.6972932 
XM_069226451.1 0.0260255 0.0000000 0.0166996 0.0087796 0.0246858 0.3043102 0.3265550 0.6898740 0.7045222 0.5341178 0.6677131 0.6989831 0.6714148 0.4410883 0.6579919 0.5243176 0.6525195 0.6987764 0.5314373 0.4304922 0.4652512 0.4663770 0.6189247 0.6650380 0.6674411 0.4698212 0.6837884 0.6560614 0.6837167 0.6837167 0.6784059 0.6837167 0.6837167 0.7036774 0.6418733 0.6374661 0.6744006 0.6744006 0.6320660 0.6314369 0.6707258 0.6707258 0.6010619 0.6656993 0.7022243 0.6971594 0.6643037 0.6601280 0.6601280 0.6601280 0.6601280 0.6601280 0.6314569 0.6672931 0.6968524 0.4525260 0.6597887 0.6982328 
XM_069226452.1 0.0175590 0.0166996 0.0000000 0.0167068 0.0167068 0.3196749 0.3212282 0.7255043 0.7255043 0.5318964 0.7358164 0.7358164 0.7358164 0.4892232 0.6619043 0.5304103 0.7272739 0.7272739 0.5935086 0.4666083 0.4666083 0.4678888 0.6808756 0.6808756 0.6840866 0.5068843 0.7065760 0.6988707 0.6988707 0.6988707 0.6988707 0.6988707 0.6988707 0.7291313 0.6931141 0.6931141 0.6931141 0.6931141 0.6879343 0.6879343 0.6879343 0.6879343 0.6607997 0.7113261 0.7174938 0.7113261 0.6902885 0.6847204 0.6847204 0.6847204 0.6847204 0.6847204 0.6847204 0.6847204 0.7096188 0.4872850 0.7094912 0.7094912 
XM_069226447.1 0.0141943 0.0087796 0.0167068 0.0000000 0.0086765 0.2832571 0.2942189 0.6812547 0.6950957 0.4895122 0.6627632 0.6699778 0.6629997 0.4410883 0.6264945 0.4900196 0.6525195 0.6716866 0.5314373 0.4155439 0.4302005 0.4312360 0.6169510 0.6441201 0.6459039 0.4629275 0.6640614 0.6398846 0.6741288 0.6741288 0.6604683 0.6741288 0.6741288 0.6777692 0.6297098 0.6388546 0.6521263 0.6521263 0.6251525 0.6286558 0.6490512 0.6490512 0.6010619 0.6598198 0.6782711 0.6739483 0.6440850 0.6405061 0.6405061 0.6405061 0.6405061 0.6405061 0.6314033 0.6402936 0.6737136 0.4525260 0.6480153 0.6751642 
XM_069226448.1 0.0476777 0.0246858 0.0167068 0.0086765 0.0000000 0.3837530 0.5222785 0.7599837 0.8235055 0.6341957 0.6770697 0.8031569 0.6768090 0.4410883 0.7946859 0.6711127 0.7102065 0.8433241 0.5314373 0.4702249 0.6360482 0.6376021 0.6646136 0.8054493 0.8119982 0.4989831 0.8292036 0.7036263 0.8553429 0.8553429 0.8270659 0.8553429 0.8553429 0.7955975 0.7084431 0.6824537 0.8124275 0.8124275 0.6888333 0.6772462 0.8096732 0.8096732 0.6010619 0.7011146 0.8339489 0.8247558 0.7925236 0.7844849 0.7844849 0.7844849 0.7844849 0.7844849 0.6855496 0.8400690 0.8287665 0.4561433 0.7149417 0.8244229 
XM_069615083.1 0.3146312 0.3043102 0.3196749 0.2832571 0.3837530 0.0000000 0.0446001 0.7542926 0.8011769 0.5616903 0.7001228 0.7712253 0.6977797 0.4316512 0.7356533 0.5968249 0.7031218 0.7895318 0.5637842 0.4562513 0.5285223 0.5298009 0.6812995 0.7534428 0.7621184 0.4773666 0.7635526 0.6980740 0.7712920 0.7712920 0.7644350 0.7712920 0.7712920 0.7478367 0.6980150 0.6790631 0.7404857 0.7404857 0.6891867 0.6787443 0.7427528 0.7427528 0.6408014 0.6830613 0.7422202 0.7326263 0.7133992 0.7056921 0.7056921 0.7056921 0.7056921 0.7056921 0.6770144 0.7150229 0.7495864 0.4559734 0.6827003 0.7436383 
XM_069615082.1 0.3471640 0.3265550 0.3212282 0.2942189 0.5222785 0.0446001 0.0000000 0.7822655 0.8332503 0.6580671 0.7133002 0.8628289 0.7140183 0.4316512 0.8070785 0.6715493 0.7465038 0.8878608 0.5637842 0.4888829 0.6186756 0.6201534 0.7009443 0.8350278 0.8462183 0.5033701 0.8231162 0.7307591 0.8695864 0.8695864 0.8378195 0.8695864 0.8695864 0.7907515 0.7377142 0.7144114 0.8094627 0.8094627 0.7231826 0.7107127 0.8093996 0.8093996 0.6408014 0.6932929 0.8051164 0.7936212 0.7848115 0.7749404 0.7749404 0.7749404 0.7749404 0.7749404 0.7102664 0.8241068 0.8164764 0.4582159 0.7286692 0.8133387 
XM_029613656.1 0.6919844 0.6898740 0.7255043 0.6812547 0.7599837 0.7542926 0.7822655 0.0000000 0.0231498 0.3391131 0.4517198 0.5114386 0.4500542 0.4377570 0.6689239 0.5293013 0.6495813 0.6795796 0.5693044 0.4230281 0.4885722 0.4885805 0.6067434 0.6498861 0.6550623 0.4595185 0.6620491 0.6555068 0.6784389 0.6784389 0.6737510 0.6784389 0.6784389 0.6717126 0.6280529 0.6205440 0.6456320 0.6456320 0.6283163 0.6256940 0.6503524 0.6503524 0.6081447 0.6206209 0.6686127 0.6613280 0.6628468 0.6565376 0.6565376 0.6565376 0.6565376 0.6565376 0.6120455 0.6362179 0.6783695 0.4252948 0.6752589 0.6988491 
XM_029613655.1 0.6910743 0.7045222 0.7255043 0.6950957 0.8235055 0.8011769 0.8332503 0.0231498 0.0000000 0.3546624 0.4576726 0.5268879 0.4497859 0.4377570 0.6986848 0.5610097 0.6520284 0.7154068 0.5693044 0.4426577 0.5203585 0.5204200 0.6239103 0.6887651 0.6951381 0.4569724 0.7018669 0.6630979 0.7139561 0.7139561 0.7138168 0.7139561 0.7139561 0.6842071 0.6382440 0.6291436 0.6694017 0.6694017 0.6355072 0.6345905 0.6807800 0.6807800 0.6081447 0.6448092 0.7067310 0.6982752 0.6994664 0.6920406 0.6920406 0.6920406 0.6920406 0.6920406 0.6430584 0.6942258 0.7113664 0.4258467 0.6878419 0.7348479 
XM_033922895.1 0.5204705 0.5341178 0.5318964 0.4895122 0.6341957 0.5616903 0.6580671 0.3391131 0.3546624 0.0000000 0.1199037 0.1111776 0.1094196 0.4419951 0.5438558 0.5435646 0.4777340 0.5559968 0.4866665 0.3963635 0.4868416 0.4879889 0.4942106 0.5649512 0.5686288 0.4474212 0.5643944 0.5303644 0.6282862 0.6439393 0.6419523 0.6408868 0.6263078 0.5456151 0.5033864 0.5026585 0.5649773 0.5649773 0.5003308 0.5018180 0.5622202 0.5622202 0.4467137 0.5068149 0.5931841 0.5842747 0.5743424 0.5695041 0.5695041 0.5695041 0.5695041 0.5695041 0.5281597 0.6099784 0.5727076 0.4322455 0.5236157 0.5850430 
XM_030186198.1 0.6645024 0.6677131 0.7358164 0.6627632 0.6770697 0.7001228 0.7133002 0.4517198 0.4576726 0.1199037 0.0000000 0.0123909 0.0042779 0.4219965 0.6131304 0.4349710 0.6223575 0.6340884 0.5585864 0.4033040 0.4047493 0.4057198 0.6126278 0.6172657 0.6227919 0.3979381 0.6161155 0.6185820 0.6397081 0.6397081 0.6397081 0.6397081 0.6397081 0.6802289 0.6177687 0.6228457 0.6157325 0.6157325 0.6104416 0.6188667 0.6099620 0.6099620 0.6083185 0.6281768 0.6377395 0.6298379 0.6091010 0.6018927 0.6018927 0.6018927 0.6018927 0.6018927 0.5950878 0.6117740 0.6096909 0.3951679 0.6164978 0.6238341 
XM_030186197.1 0.6868792 0.6989831 0.7358164 0.6699778 0.8031569 0.7712253 0.8628289 0.5114386 0.5268879 0.1111776 0.0123909 0.0000000 0.0046245 0.4219965 0.7038889 0.5409906 0.6608876 0.7282147 0.5585864 0.4272469 0.5076322 0.5088105 0.6447131 0.7101744 0.7186080 0.4255504 0.7036441 0.6734049 0.7591516 0.7728687 0.7714637 0.7693154 0.7572050 0.7537794 0.6432659 0.6480074 0.6972026 0.6972026 0.6359922 0.6407307 0.6890892 0.6890892 0.6083185 0.6499231 0.7226083 0.7120525 0.6797584 0.6705560 0.6705560 0.6705560 0.6705560 0.6705560 0.6444236 0.6973491 0.6852788 0.3951679 0.6635941 0.7093082 
XM_030186199.1 0.6637731 0.6714148 0.7358164 0.6629997 0.6768090 0.6977797 0.7140183 0.4500542 0.4497859 0.1094196 0.0042779 0.0046245 0.0000000 0.4219965 0.6159633 0.4422372 0.6223575 0.6382612 0.5585864 0.3993142 0.4111476 0.4121361 0.6106039 0.6171950 0.6227035 0.4001336 0.6172581 0.6207097 0.6274236 0.6274236 0.6274236 0.6274236 0.6274236 0.6865780 0.6172623 0.6170416 0.6235546 0.6235546 0.6065392 0.6120673 0.6140196 0.6140196 0.6083185 0.6271336 0.6449907 0.6368202 0.6116145 0.6043304 0.6043304 0.6043304 0.6043304 0.6043304 0.6017533 0.6117132 0.6132988 0.3951679 0.6231153 0.6274512 
XM_069972724.1 0.4410883 0.4410883 0.4892232 0.4410883 0.4410883 0.4316512 0.4316512 0.4377570 0.4377570 0.4419951 0.4219965 0.4219965 0.4219965 0.0000000 0.2106796 0.2977265 0.2891358 0.2891358 0.2485462 0.2421551 0.2421551 0.2426948 0.2422404 0.2422404 0.2482454 0.2490575 0.2456510 0.2488239 0.2488239 0.2488239 0.2488239 0.2488239 0.2488239 0.3001506 0.1426091 0.1426091 0.1426091 0.1426091 0.1432268 0.1432268 0.1432268 0.1432268 0.1251005 0.1410970 0.1458112 0.1410970 0.1492999 0.1460465 0.1460465 0.1460465 0.1460465 0.1460465 0.1460465 0.1460465 0.1573682 0.1462261 0.1442337 0.1442337 
XM_063957170.1 0.6513358 0.6579919 0.6619043 0.6264945 0.7946859 0.7356533 0.8070785 0.6689239 0.6986848 0.5438558 0.6131304 0.7038889 0.6159633 0.2106796 0.0000000 0.3072084 0.3630441 0.4111310 0.2183821 0.2770645 0.3357130 0.3363590 0.2526131 0.2493938 0.2564656 0.1726548 0.2370929 0.2586657 0.2491413 0.2491413 0.2474311 0.2491413 0.2491413 0.3884134 0.2421787 0.2311877 0.2282533 0.2282533 0.2381382 0.2323941 0.2257646 0.2257646 0.2100398 0.2222022 0.2299593 0.2251017 0.2800901 0.2749609 0.2749609 0.2749609 0.2749609 0.2749609 0.3019904 0.3427229 0.2726742 0.1762435 0.2555026 0.2473445 
XM_053454582.1 0.5290413 0.5243176 0.5304103 0.4900196 0.6711127 0.5968249 0.6715493 0.5293013 0.5610097 0.5435646 0.4349710 0.5409906 0.4422372 0.2977265 0.3072084 0.0000000 0.2670409 0.3225250 0.2754836 0.2337388 0.2924770 0.2930433 0.2970380 0.3427462 0.3472563 0.2804801 0.3221945 0.3023668 0.3358283 0.3358283 0.3358283 0.3358283 0.3358283 0.3068861 0.3007537 0.2852232 0.3112514 0.3112514 0.2942882 0.2829713 0.3101276 0.3101276 0.2576391 0.2849951 0.3135356 0.3083632 0.3193603 0.3143195 0.3143195 0.3143195 0.3143195 0.3143195 0.3154921 0.3534232 0.3194071 0.2597619 0.2916074 0.3198411 
XM_053707346.1 0.6538596 0.6525195 0.7272739 0.6525195 0.7102065 0.7031218 0.7465038 0.6495813 0.6520284 0.4777340 0.6223575 0.6608876 0.6223575 0.2891358 0.3630441 0.2670409 0.0000000 0.0127662 0.3087334 0.2675744 0.2840936 0.2846866 0.3354037 0.3655640 0.3709666 0.2421884 0.3713872 0.3568852 0.3824865 0.3824865 0.3824865 0.3824865 0.3824865 0.4154994 0.3419494 0.3471350 0.3575128 0.3575128 0.3447954 0.3508188 0.3604100 0.3604100 0.3217284 0.3261603 0.3546457 0.3499170 0.4547592 0.4490076 0.4490076 0.4490076 0.4490076 0.4490076 0.4365783 0.4420995 0.4526934 0.2672660 0.3664376 0.3743991 
XM_053707345.1 0.6972656 0.6987764 0.7272739 0.6716866 0.8433241 0.7895318 0.8878608 0.6795796 0.7154068 0.5559968 0.6340884 0.7282147 0.6382612 0.2891358 0.4111310 0.3225250 0.0127662 0.0000000 0.3087334 0.2824500 0.3524722 0.3531765 0.3724243 0.4203384 0.4272814 0.2593946 0.4288402 0.3883240 0.4347976 0.4347976 0.4347976 0.4347976 0.4347976 0.4629137 0.3644842 0.3601369 0.4021475 0.4021475 0.3607498 0.3604389 0.4032236 0.4032236 0.3217284 0.3478606 0.4033423 0.3973591 0.5020034 0.4951240 0.4951240 0.4951240 0.4951240 0.4951240 0.4750097 0.5024124 0.4989694 0.2696716 0.3786208 0.4255358 
XM_068265381.1 0.5314373 0.5314373 0.5935086 0.5314373 0.5314373 0.5637842 0.5637842 0.5693044 0.5693044 0.4866665 0.5585864 0.5585864 0.5585864 0.2485462 0.2183821 0.2754836 0.3087334 0.3087334 0.0000000 0.2827845 0.2827845 0.2833945 0.1643201 0.1643201 0.1670735 0.1385244 0.1559061 0.1662467 0.1662467 0.1662467 0.1662467 0.1662467 0.1662467 0.2951526 0.2386876 0.2386876 0.2386876 0.2386876 0.2372137 0.2372137 0.2372137 0.2372137 0.2421976 0.2213866 0.2240924 0.2213866 0.2442892 0.2410979 0.2410979 0.2410979 0.2410979 0.2410979 0.2410979 0.2410979 0.2348015 0.2177580 0.2458051 0.2458051 
XM_063444510.1 0.4206558 0.4304922 0.4666083 0.4155439 0.4702249 0.4562513 0.4888829 0.4230281 0.4426577 0.3963635 0.4033040 0.4272469 0.3993142 0.2421551 0.2770645 0.2337388 0.2675744 0.2824500 0.2827845 0.0000000 0.0175046 0.0175310 0.2586548 0.2881596 0.2905843 0.2269435 0.2923571 0.2873226 0.3054783 0.3054783 0.3054783 0.3054783 0.3054783 0.2771325 0.2490516 0.2521048 0.2776729 0.2776729 0.2475065 0.2527867 0.2783105 0.2783105 0.2413660 0.2479824 0.2835234 0.2806379 0.2950391 0.2907469 0.2907469 0.2907469 0.2907469 0.2907469 0.2669810 0.2833719 0.2796229 0.2230354 0.2621905 0.2770046 
XM_063444509.1 0.4674741 0.4652512 0.4666083 0.4302005 0.6360482 0.5285223 0.6186756 0.4885722 0.5203585 0.4868416 0.4047493 0.5076322 0.4111476 0.2421551 0.3357130 0.2924770 0.2840936 0.3524722 0.2827845 0.0175046 0.0000000 0.0000010 0.2913865 0.3551210 0.3598833 0.2411414 0.3598868 0.3094227 0.3663976 0.3663976 0.3663976 0.3663976 0.3663976 0.3210058 0.2848264 0.2739765 0.3294932 0.3294932 0.2795496 0.2732479 0.3246627 0.3246627 0.2413660 0.2790686 0.3327922 0.3283445 0.3487975 0.3428016 0.3428016 0.3428016 0.3428016 0.3428016 0.3190186 0.3747081 0.3313610 0.2228501 0.2827418 0.3292337 
XM_063444511.1 0.4686108 0.4663770 0.4678888 0.4312360 0.6376021 0.5298009 0.6201534 0.4885805 0.5204200 0.4879889 0.4057198 0.5088105 0.4121361 0.2426948 0.3363590 0.2930433 0.2846866 0.3531765 0.2833945 0.0175310 0.0000010 0.0000000 0.2919864 0.3558132 0.3598833 0.2416490 0.3605948 0.3100695 0.3671235 0.3671235 0.3671235 0.3671235 0.3671235 0.3216344 0.2854024 0.2745333 0.3301308 0.3301308 0.2801159 0.2738031 0.3252858 0.3252858 0.2418688 0.2796429 0.3327922 0.3289790 0.3487975 0.3434704 0.3434704 0.3434704 0.3434704 0.3434704 0.3196821 0.3754883 0.3320029 0.2233842 0.2833234 0.3298688 
XM_072417182.1 0.6169510 0.6189247 0.6808756 0.6169510 0.6646136 0.6812995 0.7009443 0.6067434 0.6239103 0.4942106 0.6126278 0.6447131 0.6106039 0.2422404 0.2526131 0.2970380 0.3354037 0.3724243 0.1643201 0.2586548 0.2913865 0.2919864 0.0000000 0.0109556 0.0112506 0.0584957 0.0891236 0.0844635 0.0936203 0.0936203 0.0936203 0.0936203 0.0936203 0.3495160 0.2535605 0.2482364 0.2552087 0.2552087 0.2519287 0.2497798 0.2575900 0.2575900 0.2457643 0.2394929 0.2576392 0.2528051 0.2848927 0.2788930 0.2788930 0.2788930 0.2788930 0.2788930 0.2755947 0.2854052 0.2640145 0.2016833 0.2604909 0.2660849 
XM_072417174.1 0.6626073 0.6650380 0.6808756 0.6441201 0.8054493 0.7534428 0.8350278 0.6498861 0.6887651 0.5649512 0.6172657 0.7101744 0.6171950 0.2422404 0.2493938 0.3427462 0.3655640 0.4203384 0.1643201 0.2881596 0.3551210 0.3558132 0.0109556 0.0000000 0.0000010 0.0587876 0.0823119 0.0981858 0.0868344 0.0868344 0.0868344 0.0868344 0.0868344 0.3794996 0.2698592 0.2638399 0.2581312 0.2581312 0.2658329 0.2668971 0.2582149 0.2582149 0.2457643 0.2551441 0.2599127 0.2554046 0.2840349 0.2785841 0.2785841 0.2785841 0.2785841 0.2785841 0.2992694 0.3387615 0.2620959 0.2016833 0.2771982 0.2659337 
XM_072417190.1 0.6649347 0.6674411 0.6840866 0.6459039 0.8119982 0.7621184 0.8462183 0.6550623 0.6951381 0.5686288 0.6227919 0.7186080 0.6227035 0.2482454 0.2564656 0.3472563 0.3709666 0.4272814 0.1670735 0.2905843 0.3598833 0.3598833 0.0112506 0.0000010 0.0000000 0.0609504 0.0845415 0.1011538 0.0892027 0.0892027 0.0892027 0.0892027 0.0892027 0.3816241 0.2761888 0.2700214 0.2635727 0.2635727 0.2728989 0.2740752 0.2644171 0.2644171 0.2499040 0.2600681 0.2599127 0.2599127 0.2840349 0.2840349 0.2840349 0.2840349 0.2840349 0.2840349 0.3059918 0.3467730 0.2661656 0.2061147 0.2822431 0.2701706 
XM_018556662.1 0.4742609 0.4698212 0.5068843 0.4629275 0.4989831 0.4773666 0.5033701 0.4595185 0.4569724 0.4474212 0.3979381 0.4255504 0.4001336 0.2490575 0.1726548 0.2804801 0.2421884 0.2593946 0.1385244 0.2269435 0.2411414 0.2416490 0.0584957 0.0587876 0.0609504 0.0000000 0.0555018 0.0682028 0.0658661 0.0658661 0.0658661 0.0658661 0.0658661 0.2747543 0.2009972 0.1941372 0.1992962 0.1992962 0.1990546 0.1921831 0.1973945 0.1973945 0.1950364 0.1933196 0.1986448 0.1951369 0.2040955 0.2003165 0.2003165 0.2003165 0.2003165 0.2003165 0.2028019 0.2028019 0.1999244 0.2035402 0.2098971 0.2077176 
XM_073617960.1 0.6902959 0.6837884 0.7065760 0.6640614 0.8292036 0.7635526 0.8231162 0.6620491 0.7018669 0.5643944 0.6161155 0.7036441 0.6172581 0.2456510 0.2370929 0.3221945 0.3713872 0.4288402 0.1559061 0.2923571 0.3598868 0.3605948 0.0891236 0.0823119 0.0845415 0.0555018 0.0000000 0.0374990 0.0242870 0.0242870 0.0242870 0.0242870 0.0242870 0.3763252 0.2684586 0.2616185 0.2563453 0.2563453 0.2660010 0.2633406 0.2558574 0.2558574 0.2423096 0.2602535 0.2636097 0.2589614 0.2863118 0.2807635 0.2807635 0.2807635 0.2807635 0.2807635 0.3019052 0.3411932 0.2693575 0.2082960 0.2822827 0.2719471 
XM_040336923.1 0.6573582 0.6560614 0.6988707 0.6398846 0.7036263 0.6980740 0.7307591 0.6555068 0.6630979 0.5303644 0.6185820 0.6734049 0.6207097 0.2488239 0.2586657 0.3023668 0.3568852 0.3883240 0.1662467 0.2873226 0.3094227 0.3100695 0.0844635 0.0981858 0.1011538 0.0682028 0.0374990 0.0000000 0.0179072 0.0176418 0.0168906 0.0179922 0.0182683 0.3617992 0.2457175 0.2470922 0.2653072 0.2653072 0.2474510 0.2491100 0.2666582 0.2666582 0.2457302 0.2475399 0.2722223 0.2668636 0.3256724 0.3182180 0.3182180 0.3159813 0.2937887 0.2937887 0.3055445 0.3247280 0.2803090 0.2145604 0.2689557 0.2824938 
XM_040336924.1 0.7032243 0.6837167 0.6988707 0.6741288 0.8553429 0.7712920 0.8695864 0.6784389 0.7139561 0.6282862 0.6397081 0.7591516 0.6274236 0.2488239 0.2491413 0.3358283 0.3824865 0.4347976 0.1662467 0.3054783 0.3663976 0.3671235 0.0936203 0.0868344 0.0892027 0.0658661 0.0242870 0.0179072 0.0000000 0.0000010 0.0000010 0.0000010 0.0000010 0.3850076 0.2707340 0.2623406 0.2558225 0.2558225 0.2675858 0.2640640 0.2547099 0.2547099 0.2457302 0.2651723 0.2650120 0.2603087 0.3101938 0.3038771 0.3038771 0.3018592 0.2817150 0.2817150 0.3285191 0.3745551 0.2666490 0.2145604 0.2840393 0.2707826 
XM_040336921.1 0.7032243 0.6837167 0.6988707 0.6741288 0.8553429 0.7712920 0.8695864 0.6784389 0.7139561 0.6439393 0.6397081 0.7728687 0.6274236 0.2488239 0.2491413 0.3358283 0.3824865 0.4347976 0.1662467 0.3054783 0.3663976 0.3671235 0.0936203 0.0868344 0.0892027 0.0658661 0.0242870 0.0176418 0.0000010 0.0000000 0.0000010 0.0000010 0.0000010 0.3850076 0.2707340 0.2623406 0.2558225 0.2558225 0.2675858 0.2640640 0.2547099 0.2547099 0.2457302 0.2651723 0.2650120 0.2603087 0.3101938 0.3038771 0.3038771 0.3018592 0.2817150 0.2817150 0.3285191 0.3745551 0.2666490 0.2145604 0.2840393 0.2707826 
XM_040336922.1 0.6861510 0.6784059 0.6988707 0.6604683 0.8270659 0.7644350 0.8378195 0.6737510 0.7138168 0.6419523 0.6397081 0.7714637 0.6274236 0.2488239 0.2474311 0.3358283 0.3824865 0.4347976 0.1662467 0.3054783 0.3663976 0.3671235 0.0936203 0.0868344 0.0892027 0.0658661 0.0242870 0.0168906 0.0000010 0.0000010 0.0000000 0.0000010 0.0000010 0.3850076 0.2707340 0.2623406 0.2558225 0.2558225 0.2675858 0.2640640 0.2547099 0.2547099 0.2457302 0.2651723 0.2650120 0.2603087 0.3101938 0.3038771 0.3038771 0.3018592 0.2817150 0.2817150 0.3285191 0.3745551 0.2666490 0.2145604 0.2840393 0.2707826 
XM_040336926.1 0.7032243 0.6837167 0.6988707 0.6741288 0.8553429 0.7712920 0.8695864 0.6784389 0.7139561 0.6408868 0.6397081 0.7693154 0.6274236 0.2488239 0.2491413 0.3358283 0.3824865 0.4347976 0.1662467 0.3054783 0.3663976 0.3671235 0.0936203 0.0868344 0.0892027 0.0658661 0.0242870 0.0179922 0.0000010 0.0000010 0.0000010 0.0000000 0.0000010 0.3850076 0.2707340 0.2623406 0.2558225 0.2558225 0.2675858 0.2640640 0.2547099 0.2547099 0.2457302 0.2651723 0.2650120 0.2603087 0.2873009 0.2817150 0.2817150 0.2817150 0.2817150 0.2817150 0.3039548 0.3498452 0.2666490 0.2145604 0.2840393 0.2707826 
XM_040336927.1 0.7032243 0.6837167 0.6988707 0.6741288 0.8553429 0.7712920 0.8695864 0.6784389 0.7139561 0.6263078 0.6397081 0.7572050 0.6274236 0.2488239 0.2491413 0.3358283 0.3824865 0.4347976 0.1662467 0.3054783 0.3663976 0.3671235 0.0936203 0.0868344 0.0892027 0.0658661 0.0242870 0.0182683 0.0000010 0.0000010 0.0000010 0.0000010 0.0000000 0.3850076 0.2707340 0.2623406 0.2558225 0.2558225 0.2675858 0.2640640 0.2547099 0.2547099 0.2457302 0.2651723 0.2650120 0.2603087 0.2873009 0.2817150 0.2817150 0.2817150 0.2817150 0.2817150 0.3039548 0.3498452 0.2666490 0.2145604 0.2840393 0.2707826 
XM_002933826.4 0.6944869 0.7036774 0.7291313 0.6777692 0.7955975 0.7478367 0.7907515 0.6717126 0.6842071 0.5456151 0.6802289 0.7537794 0.6865780 0.3001506 0.3884134 0.3068861 0.4154994 0.4629137 0.2951526 0.2771325 0.3210058 0.3216344 0.3495160 0.3794996 0.3816241 0.2747543 0.3763252 0.3617992 0.3850076 0.3850076 0.3850076 0.3850076 0.3850076 0.0000000 0.3414574 0.3380487 0.3552404 0.3552404 0.3353434 0.3397196 0.3559151 0.3559151 0.2969040 0.3297535 0.3552263 0.3524993 0.5737152 0.5688058 0.5671642 0.5693460 0.5654897 0.5638710 0.5689533 0.6280374 0.6124993 0.2691245 0.3410051 0.3586754 
XM_044286598.1 0.6401812 0.6418733 0.6931141 0.6297098 0.7084431 0.6980150 0.7377142 0.6280529 0.6382440 0.5033864 0.6177687 0.6432659 0.6172623 0.1426091 0.2421787 0.3007537 0.3419494 0.3644842 0.2386876 0.2490516 0.2848264 0.2854024 0.2535605 0.2698592 0.2761888 0.2009972 0.2684586 0.2457175 0.2707340 0.2707340 0.2707340 0.2707340 0.2707340 0.3414574 0.0000000 0.0095968 0.0205869 0.0207084 0.0097887 0.0182329 0.0306774 0.0304950 0.0917058 0.0893800 0.1061047 0.1050467 0.1428635 0.1402173 0.1412054 0.1402173 0.1402173 0.1412054 0.1312647 0.1451167 0.1293712 0.0932268 0.1138273 0.1309177 
XM_044286597.1 0.6337470 0.6374661 0.6931141 0.6388546 0.6824537 0.6790631 0.7144114 0.6205440 0.6291436 0.5026585 0.6228457 0.6480074 0.6170416 0.1426091 0.2311877 0.2852232 0.3471350 0.3601369 0.2386876 0.2521048 0.2739765 0.2745333 0.2482364 0.2638399 0.2700214 0.1941372 0.2616185 0.2470922 0.2623406 0.2623406 0.2623406 0.2623406 0.2623406 0.3380487 0.0095968 0.0000000 0.0130528 0.0131297 0.0186456 0.0115032 0.0230331 0.0228960 0.0917058 0.0875320 0.0983901 0.0975337 0.1331799 0.1308631 0.1317890 0.1308631 0.1308631 0.1317890 0.1280978 0.1375656 0.1226655 0.0932268 0.1144666 0.1239895 
XM_044286596.1 0.6731573 0.6744006 0.6931141 0.6521263 0.8124275 0.7404857 0.8094627 0.6456320 0.6694017 0.5649773 0.6157325 0.6972026 0.6235546 0.1426091 0.2282533 0.3112514 0.3575128 0.4021475 0.2386876 0.2776729 0.3294932 0.3301308 0.2552087 0.2581312 0.2635727 0.1992962 0.2563453 0.2653072 0.2558225 0.2558225 0.2558225 0.2558225 0.2558225 0.3552404 0.0205869 0.0130528 0.0000000 0.0000010 0.0265096 0.0217490 0.0102197 0.0101646 0.0917058 0.0971861 0.0871616 0.0866566 0.1211534 0.1194374 0.1202035 0.1194374 0.1194374 0.1202035 0.1424650 0.1682809 0.1079893 0.0936910 0.1245492 0.1103733 
XM_044286599.1 0.6731573 0.6744006 0.6931141 0.6521263 0.8124275 0.7404857 0.8094627 0.6456320 0.6694017 0.5649773 0.6157325 0.6972026 0.6235546 0.1426091 0.2282533 0.3112514 0.3575128 0.4021475 0.2386876 0.2776729 0.3294932 0.3301308 0.2552087 0.2581312 0.2635727 0.1992962 0.2563453 0.2653072 0.2558225 0.2558225 0.2558225 0.2558225 0.2558225 0.3552404 0.0207084 0.0131297 0.0000010 0.0000000 0.0266683 0.0218796 0.0102197 0.0102197 0.0917058 0.0971861 0.0871616 0.0866566 0.1211534 0.1202035 0.1202035 0.1202035 0.1202035 0.1202035 0.1434746 0.1694654 0.1079893 0.0936910 0.1245492 0.1103733 
XM_040424680.1 0.6328422 0.6320660 0.6879343 0.6251525 0.6888333 0.6891867 0.7231826 0.6283163 0.6355072 0.5003308 0.6104416 0.6359922 0.6065392 0.1432268 0.2381382 0.2942882 0.3447954 0.3607498 0.2372137 0.2475065 0.2795496 0.2801159 0.2519287 0.2658329 0.2728989 0.1990546 0.2660010 0.2474510 0.2675858 0.2675858 0.2675858 0.2675858 0.2675858 0.3353434 0.0097887 0.0186456 0.0265096 0.0266683 0.0000000 0.0083890 0.0175228 0.0174200 0.0917490 0.0881080 0.1022765 0.1007889 0.1354507 0.1324739 0.1334065 0.1324739 0.1324739 0.1334065 0.1252125 0.1371640 0.1264216 0.0918765 0.1153156 0.1279788 
XM_040424679.1 0.6276357 0.6314369 0.6879343 0.6286558 0.6772462 0.6787443 0.7107127 0.6256940 0.6345905 0.5018180 0.6188667 0.6407307 0.6120673 0.1432268 0.2323941 0.2829713 0.3508188 0.3604389 0.2372137 0.2527867 0.2732479 0.2738031 0.2497798 0.2668971 0.2740752 0.1921831 0.2633406 0.2491100 0.2640640 0.2640640 0.2640640 0.2640640 0.2640640 0.3397196 0.0182329 0.0115032 0.0217490 0.0218796 0.0083890 0.0000000 0.0135605 0.0134808 0.0917490 0.0843996 0.0985949 0.0972028 0.1304582 0.1276517 0.1285535 0.1276517 0.1276517 0.1285535 0.1229085 0.1385412 0.1249219 0.0918765 0.1156309 0.1262401 
XM_040424681.1 0.6697670 0.6707258 0.6879343 0.6490512 0.8096732 0.7427528 0.8093996 0.6503524 0.6807800 0.5622202 0.6099620 0.6890892 0.6140196 0.1432268 0.2257646 0.3101276 0.3604100 0.4032236 0.2372137 0.2783105 0.3246627 0.3252858 0.2575900 0.2582149 0.2644171 0.1973945 0.2558574 0.2666582 0.2547099 0.2547099 0.2547099 0.2547099 0.2547099 0.3559151 0.0306774 0.0230331 0.0102197 0.0102197 0.0175228 0.0135605 0.0000000 0.0000010 0.0917490 0.0957564 0.0860707 0.0851246 0.1173076 0.1159363 0.1159363 0.1159363 0.1159363 0.1159363 0.1404322 0.1704709 0.1080893 0.0923433 0.1257215 0.1104662 
XM_040424678.1 0.6697670 0.6707258 0.6879343 0.6490512 0.8096732 0.7427528 0.8093996 0.6503524 0.6807800 0.5622202 0.6099620 0.6890892 0.6140196 0.1432268 0.2257646 0.3101276 0.3604100 0.4032236 0.2372137 0.2783105 0.3246627 0.3252858 0.2575900 0.2582149 0.2644171 0.1973945 0.2558574 0.2666582 0.2547099 0.2547099 0.2547099 0.2547099 0.2547099 0.3559151 0.0304950 0.0228960 0.0101646 0.0102197 0.0174200 0.0134808 0.0000010 0.0000000 0.0917490 0.0957564 0.0860707 0.0851246 0.1173076 0.1152023 0.1159363 0.1152023 0.1152023 0.1159363 0.1394451 0.1692792 0.1080893 0.0923433 0.1257215 0.1104662 
XM_056560544.1 0.6010619 0.6010619 0.6607997 0.6010619 0.6010619 0.6408014 0.6408014 0.6081447 0.6081447 0.4467137 0.6083185 0.6083185 0.6083185 0.1251005 0.2100398 0.2576391 0.3217284 0.3217284 0.2421976 0.2413660 0.2413660 0.2418688 0.2457643 0.2457643 0.2499040 0.1950364 0.2423096 0.2457302 0.2457302 0.2457302 0.2457302 0.2457302 0.2457302 0.2969040 0.0917058 0.0917058 0.0917058 0.0917058 0.0917490 0.0917490 0.0917490 0.0917490 0.0000000 0.0853762 0.0865651 0.0853762 0.1194276 0.1172260 0.1172260 0.1172260 0.1172260 0.1172260 0.1172260 0.1172260 0.1035135 0.0904911 0.1040054 0.1040054 
XM_066575101.1 0.6628704 0.6656993 0.7113261 0.6598198 0.7011146 0.6830613 0.6932929 0.6206209 0.6448092 0.5068149 0.6281768 0.6499231 0.6271336 0.1410970 0.2222022 0.2849951 0.3261603 0.3478606 0.2213866 0.2479824 0.2790686 0.2796429 0.2394929 0.2551441 0.2600681 0.1933196 0.2602535 0.2475399 0.2651723 0.2651723 0.2651723 0.2651723 0.2651723 0.3297535 0.0893800 0.0875320 0.0971861 0.0971861 0.0881080 0.0843996 0.0957564 0.0957564 0.0853762 0.0000000 0.0117391 0.0114287 0.1270577 0.1252766 0.1252766 0.1252766 0.1252766 0.1252766 0.1242164 0.1299428 0.1077759 0.0811871 0.0939008 0.1032894 
XM_066575102.1 0.7036625 0.7022243 0.7174938 0.6782711 0.8339489 0.7422202 0.8051164 0.6686127 0.7067310 0.5931841 0.6377395 0.7226083 0.6449907 0.1458112 0.2299593 0.3135356 0.3546457 0.4033423 0.2240924 0.2835234 0.3327922 0.3327922 0.2576392 0.2599127 0.2599127 0.1986448 0.2636097 0.2722223 0.2650120 0.2650120 0.2650120 0.2650120 0.2650120 0.3552263 0.1061047 0.0983901 0.0871616 0.0871616 0.1022765 0.0985949 0.0860707 0.0860707 0.0865651 0.0117391 0.0000000 0.0000010 0.1184667 0.1184667 0.1184667 0.1184667 0.1184667 0.1184667 0.1419780 0.1741121 0.0962716 0.0838892 0.1071004 0.0950430 
XM_066575100.1 0.6985364 0.6971594 0.7113261 0.6739483 0.8247558 0.7326263 0.7936212 0.6613280 0.6982752 0.5842747 0.6298379 0.7120525 0.6368202 0.1410970 0.2251017 0.3083632 0.3499170 0.3973591 0.2213866 0.2806379 0.3283445 0.3289790 0.2528051 0.2554046 0.2599127 0.1951369 0.2589614 0.2668636 0.2603087 0.2603087 0.2603087 0.2603087 0.2603087 0.3524993 0.1050467 0.0975337 0.0866566 0.0866566 0.1007889 0.0972028 0.0851246 0.0851246 0.0853762 0.0114287 0.0000010 0.0000000 0.1184667 0.1170817 0.1170817 0.1170817 0.1170817 0.1170817 0.1397698 0.1709893 0.0949813 0.0816671 0.1053616 0.0937829 
XM_072136442.1 0.6677325 0.6643037 0.6902885 0.6440850 0.7925236 0.7133992 0.7848115 0.6628468 0.6994664 0.5743424 0.6091010 0.6797584 0.6116145 0.1492999 0.2800901 0.3193603 0.4547592 0.5020034 0.2442892 0.2950391 0.3487975 0.3487975 0.2848927 0.2840349 0.2840349 0.2040955 0.2863118 0.3256724 0.3101938 0.3101938 0.3101938 0.2873009 0.2873009 0.5737152 0.1428635 0.1331799 0.1211534 0.1211534 0.1354507 0.1304582 0.1173076 0.1173076 0.1194276 0.1270577 0.1184667 0.1184667 0.0000000 0.0000010 0.0000010 0.0000010 0.0000010 0.0000010 0.0161633 0.0388690 0.2562536 0.1030264 0.1523151 0.1386965 
XM_072136435.1 0.6634358 0.6601280 0.6847204 0.6405061 0.7844849 0.7056921 0.7749404 0.6565376 0.6920406 0.5695041 0.6018927 0.6705560 0.6043304 0.1460465 0.2749609 0.3143195 0.4490076 0.4951240 0.2410979 0.2907469 0.3428016 0.3434704 0.2788930 0.2785841 0.2840349 0.2003165 0.2807635 0.3182180 0.3038771 0.3038771 0.3038771 0.2817150 0.2817150 0.5688058 0.1402173 0.1308631 0.1194374 0.1202035 0.1324739 0.1276517 0.1159363 0.1152023 0.1172260 0.1252766 0.1184667 0.1170817 0.0000010 0.0000000 0.0000010 0.0000010 0.0000010 0.0000010 0.0157309 0.0378307 0.2513771 0.1000685 0.1492022 0.1362487 
XM_072136439.1 0.6634358 0.6601280 0.6847204 0.6405061 0.7844849 0.7056921 0.7749404 0.6565376 0.6920406 0.5695041 0.6018927 0.6705560 0.6043304 0.1460465 0.2749609 0.3143195 0.4490076 0.4951240 0.2410979 0.2907469 0.3428016 0.3434704 0.2788930 0.2785841 0.2840349 0.2003165 0.2807635 0.3182180 0.3038771 0.3038771 0.3038771 0.2817150 0.2817150 0.5671642 0.1412054 0.1317890 0.1202035 0.1202035 0.1334065 0.1285535 0.1159363 0.1159363 0.1172260 0.1252766 0.1184667 0.1170817 0.0000010 0.0000010 0.0000000 0.0000010 0.0000010 0.0000010 0.0158278 0.0380636 0.2493978 0.1000685 0.1492022 0.1362487 
XM_072136438.1 0.6634358 0.6601280 0.6847204 0.6405061 0.7844849 0.7056921 0.7749404 0.6565376 0.6920406 0.5695041 0.6018927 0.6705560 0.6043304 0.1460465 0.2749609 0.3143195 0.4490076 0.4951240 0.2410979 0.2907469 0.3428016 0.3434704 0.2788930 0.2785841 0.2840349 0.2003165 0.2807635 0.3159813 0.3018592 0.3018592 0.3018592 0.2817150 0.2817150 0.5693460 0.1402173 0.1308631 0.1194374 0.1202035 0.1324739 0.1276517 0.1159363 0.1152023 0.1172260 0.1252766 0.1184667 0.1170817 0.0000010 0.0000010 0.0000010 0.0000000 0.0000010 0.0000010 0.0157411 0.0378555 0.2518990 0.1000685 0.1492022 0.1362487 
XM_072136440.1 0.6634358 0.6601280 0.6847204 0.6405061 0.7844849 0.7056921 0.7749404 0.6565376 0.6920406 0.5695041 0.6018927 0.6705560 0.6043304 0.1460465 0.2749609 0.3143195 0.4490076 0.4951240 0.2410979 0.2907469 0.3428016 0.3434704 0.2788930 0.2785841 0.2840349 0.2003165 0.2807635 0.2937887 0.2817150 0.2817150 0.2817150 0.2817150 0.2817150 0.5654897 0.1402173 0.1308631 0.1194374 0.1202035 0.1324739 0.1276517 0.1159363 0.1152023 0.1172260 0.1252766 0.1184667 0.1170817 0.0000010 0.0000010 0.0000010 0.0000010 0.0000000 0.0000010 0.0159899 0.0384526 0.2489771 0.1000685 0.1492022 0.1362487 
XM_072136441.1 0.6634358 0.6601280 0.6847204 0.6405061 0.7844849 0.7056921 0.7749404 0.6565376 0.6920406 0.5695041 0.6018927 0.6705560 0.6043304 0.1460465 0.2749609 0.3143195 0.4490076 0.4951240 0.2410979 0.2907469 0.3428016 0.3434704 0.2788930 0.2785841 0.2840349 0.2003165 0.2807635 0.2937887 0.2817150 0.2817150 0.2817150 0.2817150 0.2817150 0.5638710 0.1412054 0.1317890 0.1202035 0.1202035 0.1334065 0.1285535 0.1159363 0.1159363 0.1172260 0.1252766 0.1184667 0.1170817 0.0000010 0.0000010 0.0000010 0.0000010 0.0000010 0.0000000 0.0160891 0.0386908 0.2487605 0.1000685 0.1492022 0.1362487 
XM_072136437.1 0.6310543 0.6314569 0.6847204 0.6314033 0.6855496 0.6770144 0.7102664 0.6120455 0.6430584 0.5281597 0.5950878 0.6444236 0.6017533 0.1460465 0.3019904 0.3154921 0.4365783 0.4750097 0.2410979 0.2669810 0.3190186 0.3196821 0.2755947 0.2992694 0.3059918 0.2028019 0.3019052 0.3055445 0.3285191 0.3285191 0.3285191 0.3039548 0.3039548 0.5689533 0.1312647 0.1280978 0.1424650 0.1434746 0.1252125 0.1229085 0.1404322 0.1394451 0.1172260 0.1242164 0.1419780 0.1397698 0.0161633 0.0157309 0.0158278 0.0157411 0.0159899 0.0160891 0.0000000 0.0037709 0.2879804 0.0988323 0.1432294 0.1581241 
XM_072136436.1 0.6793963 0.6672931 0.6847204 0.6402936 0.8400690 0.7150229 0.8241068 0.6362179 0.6942258 0.6099784 0.6117740 0.6973491 0.6117132 0.1460465 0.3427229 0.3534232 0.4420995 0.5024124 0.2410979 0.2833719 0.3747081 0.3754883 0.2854052 0.3387615 0.3467730 0.2028019 0.3411932 0.3247280 0.3745551 0.3745551 0.3745551 0.3498452 0.3498452 0.6280374 0.1451167 0.1375656 0.1682809 0.1694654 0.1371640 0.1385412 0.1704709 0.1692792 0.1172260 0.1299428 0.1741121 0.1709893 0.0388690 0.0378307 0.0380636 0.0378555 0.0384526 0.0386908 0.0037709 0.0000000 0.3210772 0.1008181 0.1520644 0.1875165 
XM_073670565.1 0.6959089 0.6968524 0.7096188 0.6737136 0.8287665 0.7495864 0.8164764 0.6783695 0.7113664 0.5727076 0.6096909 0.6852788 0.6132988 0.1573682 0.2726742 0.3194071 0.4526934 0.4989694 0.2348015 0.2796229 0.3313610 0.3320029 0.2640145 0.2620959 0.2661656 0.1999244 0.2693575 0.2803090 0.2666490 0.2666490 0.2666490 0.2666490 0.2666490 0.6124993 0.1293712 0.1226655 0.1079893 0.1079893 0.1264216 0.1249219 0.1080893 0.1080893 0.1035135 0.1077759 0.0962716 0.0949813 0.2562536 0.2513771 0.2493978 0.2518990 0.2489771 0.2487605 0.2879804 0.3210772 0.0000000 0.0384065 0.0529203 0.0366918 
XM_073571710.1 0.4525260 0.4525260 0.4872850 0.4525260 0.4561433 0.4559734 0.4582159 0.4252948 0.4258467 0.4322455 0.3951679 0.3951679 0.3951679 0.1462261 0.1762435 0.2597619 0.2672660 0.2696716 0.2177580 0.2230354 0.2228501 0.2233842 0.2016833 0.2016833 0.2061147 0.2035402 0.2082960 0.2145604 0.2145604 0.2145604 0.2145604 0.2145604 0.2145604 0.2691245 0.0932268 0.0932268 0.0936910 0.0936910 0.0918765 0.0918765 0.0923433 0.0923433 0.0904911 0.0811871 0.0838892 0.0816671 0.1030264 0.1000685 0.1000685 0.1000685 0.1000685 0.1000685 0.0988323 0.1008181 0.0384065 0.0000000 0.0250039 0.0250039 
XM_069757214.1 0.6579486 0.6597887 0.7094912 0.6480153 0.7149417 0.6827003 0.7286692 0.6752589 0.6878419 0.5236157 0.6164978 0.6635941 0.6231153 0.1442337 0.2555026 0.2916074 0.3664376 0.3786208 0.2458051 0.2621905 0.2827418 0.2833234 0.2604909 0.2771982 0.2822431 0.2098971 0.2822827 0.2689557 0.2840393 0.2840393 0.2840393 0.2840393 0.2840393 0.3410051 0.1138273 0.1144666 0.1245492 0.1245492 0.1153156 0.1156309 0.1257215 0.1257215 0.1040054 0.0939008 0.1071004 0.1053616 0.1523151 0.1492022 0.1492022 0.1492022 0.1492022 0.1492022 0.1432294 0.1520644 0.0529203 0.0250039 0.0000000 0.0141447 
XM_069757213.1 0.6972932 0.6982328 0.7094912 0.6751642 0.8244229 0.7436383 0.8133387 0.6988491 0.7348479 0.5850430 0.6238341 0.7093082 0.6274512 0.1442337 0.2473445 0.3198411 0.3743991 0.4255358 0.2458051 0.2770046 0.3292337 0.3298688 0.2660849 0.2659337 0.2701706 0.2077176 0.2719471 0.2824938 0.2707826 0.2707826 0.2707826 0.2707826 0.2707826 0.3586754 0.1309177 0.1239895 0.1103733 0.1103733 0.1279788 0.1262401 0.1104662 0.1104662 0.1040054 0.1032894 0.0950430 0.0937829 0.1386965 0.1362487 0.1362487 0.1362487 0.1362487 0.1362487 0.1581241 0.1875165 0.0366918 0.0250039 0.0141447 0.0000000 
