86
XM_063435718.1 0.0000000 0.0000010 0.0000010 0.7281016 0.7281016 0.7310042 0.5590282 0.5614540 0.4605342 0.4586335 0.6418947 0.6444275 0.6418947 0.6444275 0.9148937 0.9190953 0.9148937 0.9190953 0.3987192 0.4182349 0.4179398 0.3987192 0.4179398 0.3966797 0.7446979 0.7416984 0.7446979 0.7416984 0.7379891 0.7343571 0.7379891 0.7257170 0.6826316 0.8928201 0.2776303 0.2761330 0.6071869 0.6094089 0.2783997 0.2770506 0.2783997 0.2770506 0.5798329 0.5776414 0.5798329 0.5776414 0.5888262 0.5911113 0.5888262 0.5911113 0.5247581 0.5373725 0.5350397 0.3120384 0.9402325 0.6481466 0.6457252 0.6481466 0.6457252 0.6640632 0.4183424 0.4171307 0.6086992 0.6109006 0.6086992 0.6109006 0.6086992 0.6086992 0.6109006 0.6747274 0.6772670 0.5655785 0.5676313 0.5655785 0.5655785 0.5676313 0.5763003 0.5715864 0.5715864 0.5813522 0.5832382 0.3254611 0.6087344 0.6065019 0.6087344 0.6065019 
XM_063435719.1 0.0000010 0.0000000 0.0000010 0.7310042 0.7295961 0.7295961 0.5602807 0.5602807 0.4596169 0.4596169 0.6432011 0.6432011 0.6444275 0.6444275 0.9170478 0.9170478 0.9190953 0.9190953 0.3977354 0.4193364 0.4168095 0.3987192 0.4179398 0.3987192 0.7432423 0.7432423 0.7446979 0.7446979 0.7362260 0.7379891 0.7379891 0.7293161 0.6843164 0.8950792 0.2769091 0.2769091 0.6083339 0.6083339 0.2777501 0.2777501 0.2783997 0.2783997 0.5787732 0.5787732 0.5798329 0.5798329 0.5900060 0.5900060 0.5911113 0.5911113 0.5259997 0.5362446 0.5362446 0.3125476 0.9402093 0.6469741 0.6469741 0.6481466 0.6481466 0.6653744 0.4195805 0.4183670 0.6109006 0.6098355 0.6098355 0.6098355 0.6098355 0.6109006 0.6109006 0.6760365 0.6760365 0.5676313 0.5676313 0.5666389 0.5666389 0.5666389 0.5774013 0.5727141 0.5737699 0.5813522 0.5821844 0.3262636 0.6076543 0.6076543 0.6087344 0.6087344 
XM_063435717.1 0.0000010 0.0000010 0.0000000 0.7281016 0.7267059 0.7295961 0.5578653 0.5602807 0.4596169 0.4577238 0.6406781 0.6432011 0.6418947 0.6444275 0.9128654 0.9170478 0.9148937 0.9190953 0.3977354 0.4172183 0.4168095 0.3987192 0.4179398 0.3966797 0.7432423 0.7402546 0.7446979 0.7416984 0.7362260 0.7343571 0.7379891 0.7257170 0.6810612 0.8906958 0.2769091 0.2754196 0.6061198 0.6083339 0.2777501 0.2764073 0.2783997 0.2770506 0.5787732 0.5765897 0.5798329 0.5776414 0.5877296 0.5900060 0.5888262 0.5911113 0.5236075 0.5362446 0.5339219 0.3120384 0.9393135 0.6469741 0.6445616 0.6481466 0.6457252 0.6628408 0.4172002 0.4159901 0.6086992 0.6098355 0.6076419 0.6098355 0.6076419 0.6086992 0.6109006 0.6735063 0.6760365 0.5655785 0.5676313 0.5645934 0.5645934 0.5666389 0.5752772 0.5705388 0.5715864 0.5813522 0.5821844 0.3247222 0.6076543 0.6054298 0.6087344 0.6065019 
XM_053690271.1 0.7281016 0.7310042 0.7281016 0.0000000 0.0000010 0.0000010 0.5509923 0.5532898 0.5213480 0.5191369 0.7115943 0.7140601 0.7115943 0.7140601 1.1713479 1.1765240 1.1713479 1.1765240 0.3970708 0.4552627 0.4192900 0.3970708 0.4192900 0.3950634 0.8810416 0.8779489 0.8810416 0.8779489 0.8409176 0.8368387 0.8409176 0.8326417 0.7809023 1.1174829 0.2709638 0.2695051 0.6876002 0.6897580 0.3097194 0.3082096 0.3097194 0.3082096 0.6217224 0.6196897 0.6217224 0.6196897 0.6321042 0.6342133 0.6321042 0.6342133 0.5894633 0.6080255 0.6052958 0.2978384 1.0754784 0.6470936 0.6450829 0.6470936 0.6450829 0.6701990 0.4607250 0.4622686 0.5850809 0.5871132 0.5853468 0.5868457 0.5850809 0.5852044 0.5865636 0.8246743 0.8274486 0.5785912 0.5806369 0.5788589 0.5788589 0.5809442 0.6140756 0.6033505 0.6033505 0.6357706 0.6208554 0.3387201 0.6134138 0.6115704 0.6134138 0.6115704 
XM_053690270.1 0.7281016 0.7295961 0.7267059 0.0000010 0.0000000 0.0000010 0.5498908 0.5521792 0.5202798 0.5180774 0.7104073 0.7128646 0.7115943 0.7140601 1.1688338 1.1739866 1.1713479 1.1765240 0.3961026 0.4541647 0.4181659 0.3970708 0.4192900 0.3950634 0.8795366 0.8764547 0.8810416 0.8779489 0.8389331 0.8368387 0.8409176 0.8326417 0.7791360 1.1150497 0.2702613 0.2688101 0.6865615 0.6887126 0.3089921 0.3074893 0.3097194 0.3082096 0.6207389 0.6187126 0.6217224 0.6196897 0.6310903 0.6331925 0.6321042 0.6342133 0.5881213 0.6067046 0.6039863 0.2978384 1.0746001 0.6461203 0.6441158 0.6470936 0.6450829 0.6691452 0.4595876 0.4611234 0.5850809 0.5862593 0.5844981 0.5859926 0.5842330 0.5852044 0.5865636 0.8233352 0.8261003 0.5785912 0.5806369 0.5780047 0.5780047 0.5800838 0.6131327 0.6024045 0.6033505 0.6351070 0.6198880 0.3371841 0.6118905 0.6100550 0.6127809 0.6109400 
XM_053690272.1 0.7310042 0.7295961 0.7295961 0.0000010 0.0000010 0.0000000 0.5521792 0.5521792 0.5202798 0.5202798 0.7128646 0.7128646 0.7140601 0.7140601 1.1739866 1.1739866 1.1765240 1.1765240 0.3961026 0.4564510 0.4181659 0.3970708 0.4192900 0.3970708 0.8795366 0.8795366 0.8810416 0.8810416 0.8389331 0.8409176 0.8409176 0.8367103 0.7827894 1.1200438 0.2702613 0.2702613 0.6887126 0.6887126 0.3089921 0.3089921 0.3097194 0.3097194 0.6207389 0.6207389 0.6217224 0.6217224 0.6331925 0.6331925 0.6342133 0.6342133 0.5909083 0.6067046 0.6067046 0.2983133 1.0754555 0.6461203 0.6461203 0.6470936 0.6470936 0.6713284 0.4619558 0.4635077 0.5868457 0.5862593 0.5862593 0.5859926 0.5859926 0.5869683 0.5865636 0.8261003 0.8261003 0.5803676 0.5806369 0.5797774 0.5797774 0.5800838 0.6150885 0.6043669 0.6053191 0.6346965 0.6198880 0.3380327 0.6114917 0.6114917 0.6123817 0.6123817 
XM_069949027.1 0.5590282 0.5602807 0.5578653 0.5509923 0.5498908 0.5521792 0.0000000 0.0000010 0.3785317 0.3768642 0.4602367 0.4620312 0.4610991 0.4629005 0.6931853 0.6964505 0.6947610 0.6980413 0.2942182 0.2996359 0.3056622 0.2949549 0.3065030 0.2934255 0.6191440 0.6165018 0.6204283 0.6177751 0.6487722 0.6471634 0.6502842 0.6445861 0.6036156 0.6862283 0.2710776 0.2696280 0.4498150 0.4514840 0.2097203 0.2087274 0.2102003 0.2092028 0.2733324 0.2724190 0.2737733 0.2728569 0.2759049 0.2768310 0.2763490 0.2772781 0.4128851 0.3870417 0.3854503 0.2473007 0.7195481 0.3053601 0.3043499 0.3058478 0.3048344 0.2699399 0.1599299 0.1593712 0.2491854 0.2495922 0.2488108 0.2495922 0.2488108 0.2491854 0.2499691 0.3210063 0.3220665 0.2988973 0.2998905 0.2984225 0.2984225 0.2994125 0.3042466 0.3048469 0.3053306 0.3063422 0.3058553 0.1038283 0.3146098 0.3135750 0.3151095 0.3140714 
XM_069949028.1 0.5614540 0.5602807 0.5602807 0.5532898 0.5521792 0.5521792 0.0000010 0.0000000 0.3785317 0.3785317 0.4620312 0.4620312 0.4629005 0.4629005 0.6964505 0.6964505 0.6980413 0.6980413 0.2942182 0.3011961 0.3056622 0.2949549 0.3065030 0.2949549 0.6191440 0.6191440 0.6204283 0.6204283 0.6487722 0.6502842 0.6502842 0.6476983 0.6064292 0.6895130 0.2710776 0.2710776 0.4514840 0.4514840 0.2097203 0.2097203 0.2102003 0.2102003 0.2733324 0.2733324 0.2737733 0.2737733 0.2768310 0.2768310 0.2772781 0.2772781 0.4146406 0.3870417 0.3870417 0.2476772 0.7201691 0.3053601 0.3053601 0.3058478 0.3058478 0.2708095 0.1608118 0.1602519 0.2499691 0.2495922 0.2495922 0.2495922 0.2495922 0.2499691 0.2499691 0.3220665 0.3220665 0.2998905 0.2998905 0.2994125 0.2994125 0.2994125 0.3052528 0.3058553 0.3063422 0.3063422 0.3058553 0.1043014 0.3146098 0.3146098 0.3151095 0.3151095 
XM_053451913.1 0.4605342 0.4596169 0.4596169 0.5213480 0.5202798 0.5202798 0.3785317 0.3785317 0.0000000 0.0000010 0.4425140 0.4425140 0.4434079 0.4434079 0.5994761 0.5994761 0.6008453 0.6008453 0.3426911 0.3675896 0.3587207 0.3435294 0.3596834 0.3435294 0.5079303 0.5079303 0.5089833 0.5089833 0.5460261 0.5473715 0.5473715 0.5359167 0.4929413 0.5650481 0.2520517 0.2520517 0.4408278 0.4408278 0.2262303 0.2262303 0.2267494 0.2267494 0.4132878 0.4132878 0.4141163 0.4141163 0.4197949 0.4197949 0.4206596 0.4206596 0.4063172 0.3857831 0.3857831 0.2831671 0.6943826 0.4382140 0.4382140 0.4390705 0.4390705 0.4633412 0.2901773 0.2898329 0.4126372 0.4118503 0.4118503 0.4118503 0.4118503 0.4126372 0.4126372 0.4486722 0.4486722 0.4206744 0.4206744 0.4198666 0.4198666 0.4198666 0.4233305 0.4038057 0.4046225 0.4230389 0.4258476 0.2470474 0.4205830 0.4205830 0.4213962 0.4213962 
XM_053451911.1 0.4586335 0.4596169 0.4577238 0.5191369 0.5180774 0.5202798 0.3768642 0.3785317 0.0000010 0.0000000 0.4406687 0.4425140 0.4415551 0.4434079 0.5966601 0.5994761 0.5980159 0.6008453 0.3426911 0.3657406 0.3587207 0.3435294 0.3596834 0.3417900 0.5079303 0.5057595 0.5089833 0.5068034 0.5460261 0.5445893 0.5473715 0.5331922 0.4905285 0.5622678 0.2520517 0.2507227 0.4390404 0.4408278 0.2262303 0.2251567 0.2267494 0.2256708 0.4132878 0.4115774 0.4141163 0.4123979 0.4180096 0.4197949 0.4188669 0.4206596 0.4044030 0.3857831 0.3840709 0.2827211 0.6936885 0.4382140 0.4364455 0.4390705 0.4372950 0.4614113 0.2884875 0.2881416 0.4110050 0.4118503 0.4102242 0.4118503 0.4102242 0.4110050 0.4126372 0.4468536 0.4486722 0.4189992 0.4206744 0.4181979 0.4181979 0.4198666 0.4216092 0.4021188 0.4029286 0.4230389 0.4258476 0.2458763 0.4205830 0.4189032 0.4213962 0.4197099 
XM_068241710.1 0.6418947 0.6432011 0.6406781 0.7115943 0.7104073 0.7128646 0.4602367 0.4620312 0.4425140 0.4406687 0.0000000 0.0000010 0.0000010 0.0000010 0.9317522 0.9356553 0.9336463 0.9375657 0.3229801 0.3553495 0.3358657 0.3237593 0.3367530 0.3221420 0.7148123 0.7123763 0.7159973 0.7135531 0.8348916 0.8328307 0.8368438 0.8254496 0.7705456 0.9280840 0.2687844 0.2673401 0.5048659 0.5063046 0.2060580 0.2051397 0.2065017 0.2055794 0.4446922 0.4433905 0.4453217 0.4440162 0.4478205 0.4491496 0.4484594 0.4497924 0.3831884 0.3783838 0.3769320 0.2249692 0.6682035 0.4829134 0.4815034 0.4835957 0.4821816 0.4937684 0.3806962 0.3795089 0.4497745 0.4504310 0.4491667 0.4504310 0.4491667 0.4497745 0.4510424 0.6671003 0.6692598 0.4344379 0.4356940 0.4338358 0.4338358 0.4350884 0.4546207 0.4456361 0.4462730 0.4582538 0.4591024 0.2458236 0.4534456 0.4521491 0.4540726 0.4527724 
XM_068241712.1 0.6444275 0.6432011 0.6432011 0.7140601 0.7128646 0.7128646 0.4620312 0.4620312 0.4425140 0.4425140 0.0000010 0.0000000 0.0000010 0.0000010 0.9356553 0.9356553 0.9375657 0.9375657 0.3229801 0.3571351 0.3358657 0.3237593 0.3367530 0.3237593 0.7148123 0.7148123 0.7159973 0.7159973 0.8348916 0.8368438 0.8368438 0.8294383 0.7741142 0.9320594 0.2687844 0.2687844 0.5063046 0.5063046 0.2060580 0.2060580 0.2065017 0.2065017 0.4446922 0.4446922 0.4453217 0.4453217 0.4491496 0.4491496 0.4497924 0.4497924 0.3847405 0.3783838 0.3783838 0.2253023 0.6686214 0.4829134 0.4829134 0.4835957 0.4835957 0.4952249 0.3827330 0.3815422 0.4510424 0.4504310 0.4504310 0.4504310 0.4504310 0.4510424 0.4510424 0.6692598 0.6692598 0.4356940 0.4356940 0.4350884 0.4350884 0.4350884 0.4559428 0.4469611 0.4476018 0.4582538 0.4591024 0.2469578 0.4534456 0.4534456 0.4540726 0.4540726 
XM_068241711.1 0.6418947 0.6444275 0.6418947 0.7115943 0.7115943 0.7140601 0.4610991 0.4629005 0.4434079 0.4415551 0.0000010 0.0000010 0.0000000 0.0000010 0.9336463 0.9375657 0.9336463 0.9375657 0.3237593 0.3562057 0.3367530 0.3237593 0.3367530 0.3221420 0.7159973 0.7135531 0.7159973 0.7135531 0.8368438 0.8328307 0.8368438 0.8254496 0.7722707 0.9300129 0.2694836 0.2680318 0.5055582 0.5070009 0.2065017 0.2055794 0.2065017 0.2055794 0.4453217 0.4440162 0.4453217 0.4440162 0.4484594 0.4497924 0.4484594 0.4497924 0.3839333 0.3790861 0.3776288 0.2249692 0.6686315 0.4835957 0.4821816 0.4835957 0.4821816 0.4944692 0.3816733 0.3804843 0.4497745 0.4510424 0.4497745 0.4510424 0.4497745 0.4497745 0.4510424 0.6681427 0.6703090 0.4344379 0.4356940 0.4344379 0.4344379 0.4356940 0.4552564 0.4462730 0.4462730 0.4582538 0.4597534 0.2463669 0.4540726 0.4527724 0.4540726 0.4527724 
XM_068241713.1 0.6444275 0.6444275 0.6444275 0.7140601 0.7140601 0.7140601 0.4629005 0.4629005 0.4434079 0.4434079 0.0000010 0.0000010 0.0000010 0.0000000 0.9375657 0.9375657 0.9375657 0.9375657 0.3237593 0.3580000 0.3367530 0.3237593 0.3367530 0.3237593 0.7159973 0.7159973 0.7159973 0.7159973 0.8368438 0.8368438 0.8368438 0.8294383 0.7758557 0.9340054 0.2694836 0.2694836 0.5070009 0.5070009 0.2065017 0.2065017 0.2065017 0.2065017 0.4453217 0.4453217 0.4453217 0.4453217 0.4497924 0.4497924 0.4497924 0.4497924 0.3854915 0.3790861 0.3790861 0.2253023 0.6690499 0.4835957 0.4835957 0.4835957 0.4835957 0.4959299 0.3837209 0.3825284 0.4510424 0.4510424 0.4510424 0.4510424 0.4510424 0.4510424 0.4510424 0.6703090 0.6703090 0.4356940 0.4356940 0.4356940 0.4356940 0.4356940 0.4565822 0.4476018 0.4476018 0.4582538 0.4597534 0.2475061 0.4540726 0.4540726 0.4540726 0.4540726 
XM_069240120.1 0.9148937 0.9170478 0.9128654 1.1713479 1.1688338 1.1739866 0.6931853 0.6964505 0.5994761 0.5966601 0.9317522 0.9356553 0.9336463 0.9375657 0.0000000 0.0000010 0.0000010 0.0000010 0.1714731 0.2049114 0.1822945 0.1718106 0.1826851 0.1711087 1.1286954 1.1238755 1.1310654 1.1262246 0.9478072 0.9454323 0.9500674 0.9393779 0.8890583 1.2090915 0.2463813 0.2450999 1.0046562 1.0088794 0.3398246 0.3380685 0.3406765 0.3389104 0.9072363 0.9034508 0.9090880 0.9052866 0.9034441 0.9072533 0.9052914 0.9091167 0.6251565 0.6328989 0.6298890 0.3386774 1.6260307 0.8958891 0.8923916 0.8975987 0.8940875 0.9496262 0.5346264 0.5361997 0.9039020 0.9057365 0.9021742 0.9057365 0.9021742 0.9039020 0.9074783 1.1904911 1.1956490 0.8965521 0.9001025 0.8948371 0.8948371 0.8983736 0.8883717 0.8822275 0.8839777 0.9025014 0.8908831 0.3300490 0.8938539 0.8903712 0.8955561 0.8920599 
XM_069240122.1 0.9190953 0.9170478 0.9170478 1.1765240 1.1739866 1.1739866 0.6964505 0.6964505 0.5994761 0.5994761 0.9356553 0.9356553 0.9375657 0.9375657 0.0000010 0.0000000 0.0000010 0.0000010 0.1714731 0.2057352 0.1822945 0.1718106 0.1826851 0.1718106 1.1286954 1.1286954 1.1310654 1.1310654 0.9478072 0.9500674 0.9500674 0.9439937 0.8932692 1.2146778 0.2463813 0.2463813 1.0088794 1.0088794 0.3398246 0.3398246 0.3406765 0.3406765 0.9072363 0.9072363 0.9090880 0.9090880 0.9072533 0.9072533 0.9091167 0.9091167 0.6282466 0.6328989 0.6328989 0.3392581 1.6277759 0.8958891 0.8958891 0.8975987 0.8975987 0.9535861 0.5378994 0.5394923 0.9074783 0.9057365 0.9057365 0.9057365 0.9057365 0.9074783 0.9074783 1.1956490 1.1956490 0.9001025 0.9001025 0.8983736 0.8983736 0.8983736 0.8919546 0.8858379 0.8876028 0.9025014 0.8908831 0.3317142 0.8938539 0.8938539 0.8955561 0.8955561 
XM_069240121.1 0.9148937 0.9190953 0.9148937 1.1713479 1.1713479 1.1765240 0.6947610 0.6980413 0.6008453 0.5980159 0.9336463 0.9375657 0.9336463 0.9375657 0.0000010 0.0000010 0.0000000 0.0000010 0.1718106 0.2053057 0.1826851 0.1718106 0.1826851 0.1711087 1.1310654 1.1262246 1.1310654 1.1262246 0.9500674 0.9454323 0.9500674 0.9393779 0.8910992 1.2118188 0.2470013 0.2457135 1.0067095 1.0109507 0.3406765 0.3389104 0.3406765 0.3389104 0.9090880 0.9052866 0.9090880 0.9052866 0.9052914 0.9091167 0.9052914 0.9091167 0.6266454 0.6343627 0.6313395 0.3386774 1.6278289 0.8975987 0.8940875 0.8975987 0.8940875 0.9515487 0.5361997 0.5377824 0.9039020 0.9074783 0.9039020 0.9074783 0.9039020 0.9039020 0.9074783 1.1930086 1.1981893 0.8965521 0.9001025 0.8965521 0.8965521 0.9001025 0.8901088 0.8839777 0.8839777 0.9025014 0.8926427 0.3308472 0.8955561 0.8920599 0.8955561 0.8920599 
XM_069240123.1 0.9190953 0.9190953 0.9190953 1.1765240 1.1765240 1.1765240 0.6980413 0.6980413 0.6008453 0.6008453 0.9375657 0.9375657 0.9375657 0.9375657 0.0000010 0.0000010 0.0000010 0.0000000 0.1718106 0.2061330 0.1826851 0.1718106 0.1826851 0.1718106 1.1310654 1.1310654 1.1310654 1.1310654 0.9500674 0.9500674 0.9500674 0.9439937 0.8953300 1.2174313 0.2470013 0.2470013 1.0109507 1.0109507 0.3406765 0.3406765 0.3406765 0.3406765 0.9090880 0.9090880 0.9090880 0.9090880 0.9091167 0.9091167 0.9091167 0.9091167 0.6297505 0.6343627 0.6343627 0.3392581 1.6295782 0.8975987 0.8975987 0.8975987 0.8975987 0.9555251 0.5394923 0.5410948 0.9074783 0.9074783 0.9074783 0.9074783 0.9074783 0.9074783 0.9074783 1.1981893 1.1981893 0.9001025 0.9001025 0.9001025 0.9001025 0.9001025 0.8937061 0.8876028 0.8876028 0.9025014 0.8926427 0.3325205 0.8955561 0.8955561 0.8955561 0.8955561 
XM_069611081.1 0.3987192 0.3977354 0.3977354 0.3970708 0.3961026 0.3961026 0.2942182 0.2942182 0.3426911 0.3426911 0.3229801 0.3229801 0.3237593 0.3237593 0.1714731 0.1714731 0.1718106 0.1718106 0.0000000 0.0000010 0.0000010 0.0000010 0.0000010 0.0000010 0.3872641 0.3872641 0.3882096 0.3882096 0.3303063 0.3311403 0.3311403 0.3194655 0.2884972 0.2934764 0.2561150 0.2561150 0.3522034 0.3522034 0.3013398 0.3013398 0.3020957 0.3020957 0.3404397 0.3404397 0.3412829 0.3412829 0.3394760 0.3394760 0.3403269 0.3403269 0.3448897 0.3429137 0.3429137 0.3445324 0.5687571 0.3741016 0.3741016 0.3750111 0.3750111 0.4079333 0.3360059 0.3357669 0.3600857 0.3592335 0.3592335 0.3592335 0.3592335 0.3600857 0.3600857 0.3557753 0.3557753 0.3528944 0.3528944 0.3520482 0.3520482 0.3520482 0.3470588 0.3358534 0.3366761 0.3479000 0.3470588 0.3072861 0.3571039 0.3571039 0.3579611 0.3579611 
XM_069611085.1 0.4182349 0.4193364 0.4172183 0.4552627 0.4541647 0.4564510 0.2996359 0.3011961 0.3675896 0.3657406 0.3553495 0.3571351 0.3562057 0.3580000 0.2049114 0.2057352 0.2053057 0.2061330 0.0000010 0.0000000 0.0000010 0.0000010 0.0000010 0.0000010 0.4236785 0.4215577 0.4247068 0.4225757 0.3345197 0.3336115 0.3353646 0.3219976 0.2911031 0.3045410 0.2561150 0.2547616 0.4026197 0.4046300 0.3038620 0.3022918 0.3046223 0.3030442 0.3574546 0.3556348 0.3583363 0.3565074 0.3445520 0.3463417 0.3454100 0.3472087 0.3430674 0.3642226 0.3623765 0.3439480 0.5895646 0.4352767 0.4331068 0.4363290 0.4341485 0.4568918 0.4094010 0.4093347 0.4186153 0.4196786 0.4176338 0.4196786 0.4176338 0.4186153 0.4206699 0.4195338 0.4216265 0.4127032 0.4150703 0.4120297 0.4120297 0.4144320 0.3623577 0.3414207 0.3422522 0.4103675 0.3536879 0.3570973 0.4141650 0.4121242 0.4151543 0.4131037 
XM_069611083.1 0.4179398 0.4168095 0.4168095 0.4192900 0.4181659 0.4181659 0.3056622 0.3056622 0.3587207 0.3587207 0.3358657 0.3358657 0.3367530 0.3367530 0.1822945 0.1822945 0.1826851 0.1826851 0.0000010 0.0000010 0.0000000 0.0000010 0.0000010 0.0000010 0.4084643 0.4084643 0.4095608 0.4095608 0.3467803 0.3477442 0.3477442 0.3349111 0.3004024 0.3065596 0.2645406 0.2645406 0.3713514 0.3713514 0.3136871 0.3136871 0.3145523 0.3145523 0.3578960 0.3578960 0.3588720 0.3588720 0.3570650 0.3570650 0.3580506 0.3580506 0.3626309 0.3597788 0.3597788 0.3185543 0.5322319 0.3930394 0.3930394 0.3940870 0.3940870 0.4299371 0.3541633 0.3539428 0.3761208 0.3751483 0.3751483 0.3751483 0.3751483 0.3761208 0.3761208 0.3701265 0.3701265 0.3696783 0.3696783 0.3687077 0.3687077 0.3687077 0.3622161 0.3501029 0.3510416 0.3631776 0.3622161 0.3211155 0.3752682 0.3752682 0.3762551 0.3762551 
XM_069611082.1 0.3987192 0.3987192 0.3987192 0.3970708 0.3970708 0.3970708 0.2949549 0.2949549 0.3435294 0.3435294 0.3237593 0.3237593 0.3237593 0.3237593 0.1718106 0.1718106 0.1718106 0.1718106 0.0000010 0.0000010 0.0000010 0.0000000 0.0000010 0.0000010 0.3882096 0.3882096 0.3882096 0.3882096 0.3311403 0.3311403 0.3311403 0.3194655 0.2892044 0.2941867 0.2567700 0.2567700 0.3530530 0.3530530 0.3020957 0.3020957 0.3020957 0.3020957 0.3412829 0.3412829 0.3412829 0.3412829 0.3403269 0.3403269 0.3403269 0.3403269 0.3457726 0.3437609 0.3437609 0.3445324 0.5694968 0.3750111 0.3750111 0.3750111 0.3750111 0.4089711 0.3370294 0.3367920 0.3600857 0.3600857 0.3600857 0.3600857 0.3600857 0.3600857 0.3600857 0.3566282 0.3566282 0.3528944 0.3528944 0.3528944 0.3528944 0.3528944 0.3479000 0.3366761 0.3366761 0.3479000 0.3479000 0.3080421 0.3579611 0.3579611 0.3579611 0.3579611 
XM_069611084.1 0.4179398 0.4179398 0.4179398 0.4192900 0.4192900 0.4192900 0.3065030 0.3065030 0.3596834 0.3596834 0.3367530 0.3367530 0.3367530 0.3367530 0.1826851 0.1826851 0.1826851 0.1826851 0.0000010 0.0000010 0.0000010 0.0000010 0.0000000 0.0000010 0.4095608 0.4095608 0.4095608 0.4095608 0.3477442 0.3477442 0.3477442 0.3349111 0.3012099 0.3073730 0.2652870 0.2652870 0.3723348 0.3723348 0.3145523 0.3145523 0.3145523 0.3145523 0.3588720 0.3588720 0.3588720 0.3588720 0.3580506 0.3580506 0.3580506 0.3580506 0.3636566 0.3607567 0.3607567 0.3185543 0.5329431 0.3940870 0.3940870 0.3940870 0.3940870 0.4311409 0.3553742 0.3551560 0.3761208 0.3761208 0.3761208 0.3761208 0.3761208 0.3761208 0.3761208 0.3710957 0.3710957 0.3696783 0.3696783 0.3696783 0.3696783 0.3696783 0.3631776 0.3510416 0.3510416 0.3631776 0.3631776 0.3219835 0.3762551 0.3762551 0.3762551 0.3762551 
XM_069611080.1 0.3966797 0.3987192 0.3966797 0.3950634 0.3950634 0.3970708 0.2934255 0.2949549 0.3435294 0.3417900 0.3221420 0.3237593 0.3221420 0.3237593 0.1711087 0.1718106 0.1711087 0.1718106 0.0000010 0.0000010 0.0000010 0.0000010 0.0000010 0.0000000 0.3882096 0.3862491 0.3882096 0.3862491 0.3311403 0.3294096 0.3311403 0.3177954 0.2877360 0.2927120 0.2567700 0.2554097 0.3512904 0.3530530 0.3020957 0.3005265 0.3020957 0.3005265 0.3412829 0.3395334 0.3412829 0.3395334 0.3385616 0.3403269 0.3385616 0.3403269 0.3439409 0.3437609 0.3420032 0.3439480 0.5687743 0.3750111 0.3731248 0.3750111 0.3731248 0.4068201 0.3349071 0.3346663 0.3583179 0.3600857 0.3583179 0.3600857 0.3583179 0.3583179 0.3600857 0.3548588 0.3566282 0.3511388 0.3528944 0.3511388 0.3511388 0.3528944 0.3461548 0.3349703 0.3349703 0.3479000 0.3479000 0.3064724 0.3579611 0.3561829 0.3579611 0.3561829 
XM_031906134.1 0.7446979 0.7432423 0.7432423 0.8810416 0.8795366 0.8795366 0.6191440 0.6191440 0.5079303 0.5079303 0.7148123 0.7148123 0.7159973 0.7159973 1.1286954 1.1286954 1.1310654 1.1310654 0.3872641 0.4236785 0.4084643 0.3882096 0.4095608 0.3882096 0.0000000 0.0000010 0.0000010 0.0000010 0.8728830 0.8748865 0.8748865 0.8685345 0.8148337 1.1709534 0.2597522 0.2597522 0.7443129 0.7443129 0.2732067 0.2732067 0.2738328 0.2738328 0.6466013 0.6466013 0.6476194 0.6476194 0.6676065 0.6676065 0.6686763 0.6686763 0.5752476 0.5675717 0.5675717 0.2943134 1.1180980 0.6712876 0.6712876 0.6723150 0.6723150 0.7131468 0.4801933 0.4803000 0.6558986 0.6549054 0.6549054 0.6549054 0.6549054 0.6558986 0.6558986 0.8860320 0.8860320 0.6078877 0.6078877 0.6069776 0.6069776 0.6069776 0.6325480 0.6162508 0.6172134 0.6374552 0.6379116 0.3213086 0.6375662 0.6375662 0.6385232 0.6385232 
XM_031906132.1 0.7416984 0.7432423 0.7402546 0.8779489 0.8764547 0.8795366 0.6165018 0.6191440 0.5079303 0.5057595 0.7123763 0.7148123 0.7135531 0.7159973 1.1238755 1.1286954 1.1262246 1.1310654 0.3872641 0.4215577 0.4084643 0.3882096 0.4095608 0.3862491 0.0000010 0.0000000 0.0000010 0.0000010 0.8728830 0.8707713 0.8748865 0.8644380 0.8111352 1.1657277 0.2597522 0.2583781 0.7419281 0.7443129 0.2732067 0.2719122 0.2738328 0.2725324 0.6466013 0.6445050 0.6476194 0.6455163 0.6654047 0.6676065 0.6664674 0.6686763 0.5726211 0.5675717 0.5651205 0.2938510 1.1172143 0.6712876 0.6691728 0.6723150 0.6701936 0.7107770 0.4776020 0.4777026 0.6538470 0.6549054 0.6528601 0.6549054 0.6528601 0.6538470 0.6558986 0.8830096 0.8860320 0.6060059 0.6078877 0.6051015 0.6051015 0.6069776 0.6305492 0.6142674 0.6152237 0.6374552 0.6379116 0.3198198 0.6375662 0.6355946 0.6385232 0.6365457 
XM_031906135.1 0.7446979 0.7446979 0.7446979 0.8810416 0.8810416 0.8810416 0.6204283 0.6204283 0.5089833 0.5089833 0.7159973 0.7159973 0.7159973 0.7159973 1.1310654 1.1310654 1.1310654 1.1310654 0.3882096 0.4247068 0.4095608 0.3882096 0.4095608 0.3882096 0.0000010 0.0000010 0.0000000 0.0000010 0.8748865 0.8748865 0.8748865 0.8685345 0.8166399 1.1735261 0.2604172 0.2604172 0.7454733 0.7454733 0.2738328 0.2738328 0.2738328 0.2738328 0.6476194 0.6476194 0.6476194 0.6476194 0.6686763 0.6686763 0.6686763 0.6686763 0.5765238 0.5687620 0.5687620 0.2943134 1.1190071 0.6723150 0.6723150 0.6723150 0.6723150 0.7142994 0.4814517 0.4815613 0.6558986 0.6558986 0.6558986 0.6558986 0.6558986 0.6558986 0.6558986 0.8875085 0.8875085 0.6078877 0.6078877 0.6078877 0.6078877 0.6078877 0.6335182 0.6172134 0.6172134 0.6374552 0.6389010 0.3220289 0.6385232 0.6385232 0.6385232 0.6385232 
XM_031906133.1 0.7416984 0.7446979 0.7416984 0.8779489 0.8779489 0.8810416 0.6177751 0.6204283 0.5089833 0.5068034 0.7135531 0.7159973 0.7135531 0.7159973 1.1262246 1.1310654 1.1262246 1.1310654 0.3882096 0.4225757 0.4095608 0.3882096 0.4095608 0.3862491 0.0000010 0.0000010 0.0000010 0.0000000 0.8748865 0.8707713 0.8748865 0.8644380 0.8129248 1.1682767 0.2604172 0.2590361 0.7430810 0.7454733 0.2738328 0.2725324 0.2738328 0.2725324 0.6476194 0.6455163 0.6476194 0.6455163 0.6664674 0.6686763 0.6664674 0.6686763 0.5738855 0.5687620 0.5663005 0.2938510 1.1181219 0.6723150 0.6701936 0.6723150 0.6701936 0.7119218 0.4788468 0.4789504 0.6538470 0.6558986 0.6538470 0.6558986 0.6538470 0.6538470 0.6558986 0.8844757 0.8875085 0.6060059 0.6078877 0.6060059 0.6060059 0.6078877 0.6315133 0.6152237 0.6152237 0.6374552 0.6389010 0.3205335 0.6385232 0.6365457 0.6385232 0.6365457 
XM_033922109.1 0.7379891 0.7362260 0.7362260 0.8409176 0.8389331 0.8389331 0.6487722 0.6487722 0.5460261 0.5460261 0.8348916 0.8348916 0.8368438 0.8368438 0.9478072 0.9478072 0.9500674 0.9500674 0.3303063 0.3345197 0.3467803 0.3311403 0.3477442 0.3311403 0.8728830 0.8728830 0.8748865 0.8748865 0.0000000 0.0000010 0.0000010 0.0193105 0.0168896 0.3457870 0.1192500 0.1192500 0.8117553 0.8117553 0.3664059 0.3664059 0.3673763 0.3673763 0.7440452 0.7440452 0.7457240 0.7457240 0.7447648 0.7447648 0.7464399 0.7464399 0.6108931 0.6084688 0.6084688 0.3637459 1.3336563 0.7633143 0.7633143 0.7650091 0.7650091 0.7131036 0.4145100 0.4158757 0.7110051 0.7094828 0.7094828 0.7094828 0.7094828 0.7110051 0.7110051 0.9234469 0.9234469 0.7338024 0.7338024 0.7322202 0.7322202 0.7322202 0.7272923 0.7272923 0.7288586 0.7288586 0.7272923 0.3203390 0.7328325 0.7328325 0.7343929 0.7343929 
XM_033922108.1 0.7343571 0.7379891 0.7343571 0.8368387 0.8368387 0.8409176 0.6471634 0.6502842 0.5473715 0.5445893 0.8328307 0.8368438 0.8328307 0.8368438 0.9454323 0.9500674 0.9454323 0.9500674 0.3311403 0.3336115 0.3477442 0.3311403 0.3477442 0.3294096 0.8748865 0.8707713 0.8748865 0.8707713 0.0000010 0.0000000 0.0000010 0.0192701 0.0168712 0.3452577 0.1195134 0.1189655 0.8098072 0.8135985 0.3673763 0.3653638 0.3673763 0.3653638 0.7457240 0.7422657 0.7457240 0.7422657 0.7429891 0.7464399 0.7429891 0.7464399 0.6092971 0.6099456 0.6068954 0.3631172 1.3337000 0.7650091 0.7615191 0.7650091 0.7615191 0.7114653 0.4130475 0.4144036 0.7078665 0.7110051 0.7078665 0.7110051 0.7078665 0.7078665 0.7110051 0.9212167 0.9255675 0.7305419 0.7338024 0.7305419 0.7305419 0.7338024 0.7256305 0.7256305 0.7256305 0.7288586 0.7288586 0.3194212 0.7343929 0.7311773 0.7343929 0.7311773 
XM_033922110.1 0.7379891 0.7379891 0.7379891 0.8409176 0.8409176 0.8409176 0.6502842 0.6502842 0.5473715 0.5473715 0.8368438 0.8368438 0.8368438 0.8368438 0.9500674 0.9500674 0.9500674 0.9500674 0.3311403 0.3353646 0.3477442 0.3311403 0.3477442 0.3311403 0.8748865 0.8748865 0.8748865 0.8748865 0.0000010 0.0000010 0.0000000 0.0193105 0.0169066 0.3462784 0.1195134 0.1195134 0.8135985 0.8135985 0.3673763 0.3673763 0.3673763 0.3673763 0.7457240 0.7457240 0.7457240 0.7457240 0.7464399 0.7464399 0.7464399 0.7464399 0.6123913 0.6099456 0.6099456 0.3637459 1.3352374 0.7650091 0.7650091 0.7650091 0.7650091 0.7146469 0.4158757 0.4172506 0.7110051 0.7110051 0.7110051 0.7110051 0.7110051 0.7110051 0.7110051 0.9255675 0.9255675 0.7338024 0.7338024 0.7338024 0.7338024 0.7338024 0.7288586 0.7288586 0.7288586 0.7288586 0.7288586 0.3211927 0.7343929 0.7343929 0.7343929 0.7343929 
XM_033922112.1 0.7257170 0.7293161 0.7257170 0.8326417 0.8326417 0.8367103 0.6445861 0.6476983 0.5359167 0.5331922 0.8254496 0.8294383 0.8254496 0.8294383 0.9393779 0.9439937 0.9393779 0.9439937 0.3194655 0.3219976 0.3349111 0.3194655 0.3349111 0.3177954 0.8685345 0.8644380 0.8685345 0.8644380 0.0193105 0.0192701 0.0193105 0.0000000 0.0151719 0.3419312 0.1157394 0.1152091 0.7979615 0.8016951 0.3584010 0.3564333 0.3584010 0.3564333 0.7372702 0.7338489 0.7372702 0.7338489 0.7350453 0.7384646 0.7350453 0.7384646 0.5996942 0.6022302 0.5992119 0.3631172 1.3098975 0.7544633 0.7510218 0.7544633 0.7510218 0.6993779 0.3980990 0.3994073 0.6985314 0.7016323 0.6985314 0.7016323 0.6985314 0.6985314 0.7016323 0.9127680 0.9170800 0.7219034 0.7251295 0.7219034 0.7219034 0.7251295 0.7120276 0.7120276 0.7120276 0.7151801 0.7151801 0.3101205 0.7276050 0.7244141 0.7276050 0.7244141 
XM_033922111.1 0.6826316 0.6843164 0.6810612 0.7809023 0.7791360 0.7827894 0.6036156 0.6064292 0.4929413 0.4905285 0.7705456 0.7741142 0.7722707 0.7758557 0.8890583 0.8932692 0.8910992 0.8953300 0.2884972 0.2911031 0.3004024 0.2892044 0.3012099 0.2877360 0.8148337 0.8111352 0.8166399 0.8129248 0.0168896 0.0168712 0.0169066 0.0151719 0.0000000 0.3179956 0.0822045 0.0818418 0.7531767 0.7565784 0.3142150 0.3125638 0.3150154 0.3133554 0.6956220 0.6925000 0.6971426 0.6940068 0.6937575 0.6968774 0.6952633 0.6983970 0.5844493 0.5560478 0.5533679 0.3631172 1.3043401 0.7140153 0.7108635 0.7155508 0.7123853 0.6930740 0.3572718 0.3583959 0.6646396 0.6661178 0.6632621 0.6661178 0.6632621 0.6646396 0.6675073 0.8661863 0.8701388 0.6829123 0.6858719 0.6814899 0.6814899 0.6844369 0.6740639 0.6740639 0.6754604 0.6783672 0.6769584 0.2754775 0.6874045 0.6844855 0.6888254 0.6858942 
XM_029579010.1 0.8928201 0.8950792 0.8906958 1.1174829 1.1150497 1.1200438 0.6862283 0.6895130 0.5650481 0.5622678 0.9280840 0.9320594 0.9300129 0.9340054 1.2090915 1.2146778 1.2118188 1.2174313 0.2934764 0.3045410 0.3065596 0.2941867 0.3073730 0.2927120 1.1709534 1.1657277 1.1735261 1.1682767 0.3457870 0.3452577 0.3462784 0.3419312 0.3179956 0.0000000 0.1240502 0.1234775 1.0764422 1.0811719 0.3425348 0.3407731 0.3433882 0.3416177 0.9261236 0.9221872 0.9280501 0.9240970 0.9307980 0.9347688 0.9327248 0.9367126 0.6165539 0.6052668 0.6023153 0.3595694 1.8567517 0.9323358 0.9284863 0.9342198 0.9303542 0.9718079 0.5348448 0.5350787 0.9183870 0.9203238 0.9165620 0.9203238 0.9165620 0.9183870 0.9221642 1.2262555 1.2316057 0.8848461 0.8884681 0.8830973 0.8830973 0.8867047 0.9012850 0.9017625 0.9035525 0.9072585 0.9054534 0.3077756 0.9070516 0.9033631 0.9088555 0.9051519 
XM_030222650.1 0.2776303 0.2769091 0.2769091 0.2709638 0.2702613 0.2702613 0.2710776 0.2710776 0.2520517 0.2520517 0.2687844 0.2687844 0.2694836 0.2694836 0.2463813 0.2463813 0.2470013 0.2470013 0.2561150 0.2561150 0.2645406 0.2567700 0.2652870 0.2567700 0.2597522 0.2597522 0.2604172 0.2604172 0.1192500 0.1195134 0.1195134 0.1157394 0.0822045 0.1240502 0.0000000 0.0000010 0.2708466 0.2708466 0.2702928 0.2702928 0.2709977 0.2709977 0.2885536 0.2885536 0.2893133 0.2893133 0.2873693 0.2873693 0.2881319 0.2881319 0.2939734 0.2701138 0.2701138 0.3308952 0.4838094 0.2789418 0.2789418 0.2796666 0.2796666 0.3018905 0.2885226 0.2894835 0.2790368 0.2783156 0.2783156 0.2783156 0.2783156 0.2790368 0.2790368 0.2844017 0.2844017 0.2906080 0.2906080 0.2898490 0.2898490 0.2898490 0.2805139 0.2805139 0.2812420 0.2812420 0.2805139 0.2758180 0.2758180 0.2758180 0.2765306 0.2765306 
XM_030222649.1 0.2761330 0.2769091 0.2754196 0.2695051 0.2688101 0.2702613 0.2696280 0.2710776 0.2520517 0.2507227 0.2673401 0.2687844 0.2680318 0.2694836 0.2450999 0.2463813 0.2457135 0.2470013 0.2561150 0.2547616 0.2645406 0.2567700 0.2652870 0.2554097 0.2597522 0.2583781 0.2604172 0.2590361 0.1192500 0.1189655 0.1195134 0.1152091 0.0818418 0.1234775 0.0000010 0.0000000 0.2693996 0.2708466 0.2702928 0.2688369 0.2709977 0.2695341 0.2885536 0.2869850 0.2893133 0.2877363 0.2857947 0.2873693 0.2865489 0.2881319 0.2923392 0.2701138 0.2686602 0.3303318 0.4831645 0.2789418 0.2774449 0.2796666 0.2781619 0.3002242 0.2865428 0.2874904 0.2775393 0.2783156 0.2768258 0.2783156 0.2768258 0.2775393 0.2790368 0.2828695 0.2844017 0.2890324 0.2906080 0.2882815 0.2882815 0.2898490 0.2790100 0.2790100 0.2797303 0.2812420 0.2805139 0.2743460 0.2758180 0.2743460 0.2765306 0.2750510 
XM_063942123.1 0.6071869 0.6083339 0.6061198 0.6876002 0.6865615 0.6887126 0.4498150 0.4514840 0.4408278 0.4390404 0.5048659 0.5063046 0.5055582 0.5070009 1.0046562 1.0088794 1.0067095 1.0109507 0.3522034 0.4026197 0.3713514 0.3530530 0.3723348 0.3512904 0.7443129 0.7419281 0.7454733 0.7430810 0.8117553 0.8098072 0.8135985 0.7979615 0.7531767 1.0764422 0.2708466 0.2693996 0.0000000 0.0000010 0.1738241 0.1730859 0.1741805 0.1734393 0.4178253 0.4167081 0.4183651 0.4172450 0.4247493 0.4258985 0.4253016 0.4264539 0.4401383 0.4298508 0.4281836 0.2482963 0.7934582 0.4517389 0.4505588 0.4523093 0.4511262 0.4566888 0.3626290 0.3624696 0.4048903 0.4054175 0.4044027 0.4054175 0.4044027 0.4048903 0.4059075 0.6390110 0.6408663 0.3916414 0.3926469 0.3911595 0.3911595 0.3921626 0.4232088 0.4179706 0.4185119 0.4267812 0.4279375 0.2178463 0.4124778 0.4114347 0.4129817 0.4119360 
XM_063942124.1 0.6094089 0.6083339 0.6083339 0.6897580 0.6887126 0.6887126 0.4514840 0.4514840 0.4408278 0.4408278 0.5063046 0.5063046 0.5070009 0.5070009 1.0088794 1.0088794 1.0109507 1.0109507 0.3522034 0.4046300 0.3713514 0.3530530 0.3723348 0.3530530 0.7443129 0.7443129 0.7454733 0.7454733 0.8117553 0.8135985 0.8135985 0.8016951 0.7565784 1.0811719 0.2708466 0.2708466 0.0000010 0.0000000 0.1738241 0.1738241 0.1741805 0.1741805 0.4178253 0.4178253 0.4183651 0.4183651 0.4258985 0.4258985 0.4264539 0.4264539 0.4419557 0.4298508 0.4298508 0.2486717 0.7939665 0.4517389 0.4517389 0.4523093 0.4523093 0.4579015 0.3643968 0.3642397 0.4059075 0.4054175 0.4054175 0.4054175 0.4054175 0.4059075 0.4059075 0.6408663 0.6408663 0.3926469 0.3926469 0.3921626 0.3921626 0.3921626 0.4243206 0.4190970 0.4196413 0.4267812 0.4279375 0.2187840 0.4124778 0.4124778 0.4129817 0.4129817 
XM_018558178.1 0.2783997 0.2777501 0.2777501 0.3097194 0.3089921 0.3089921 0.2097203 0.2097203 0.2262303 0.2262303 0.2060580 0.2060580 0.2065017 0.2065017 0.3398246 0.3398246 0.3406765 0.3406765 0.3013398 0.3038620 0.3136871 0.3020957 0.3145523 0.3020957 0.2732067 0.2732067 0.2738328 0.2738328 0.3664059 0.3673763 0.3673763 0.3584010 0.3142150 0.3425348 0.2702928 0.2702928 0.1738241 0.1738241 0.0000000 0.0000010 0.0000010 0.0000010 0.2015865 0.2015865 0.2020346 0.2020346 0.2069455 0.2069455 0.2074092 0.2074092 0.1392863 0.1206305 0.1206305 0.1313661 0.2973505 0.2336743 0.2336743 0.2341847 0.2341847 0.2405571 0.2257352 0.2239611 0.2137094 0.2132486 0.2132486 0.2132486 0.2132486 0.2137094 0.2137094 0.2306773 0.2306773 0.2115611 0.2115611 0.2111033 0.2111033 0.2111033 0.2247354 0.2244995 0.2249919 0.2265094 0.2247354 0.1842228 0.2153675 0.2153675 0.2158345 0.2158345 
XM_018558176.1 0.2770506 0.2777501 0.2764073 0.3082096 0.3074893 0.3089921 0.2087274 0.2097203 0.2262303 0.2251567 0.2051397 0.2060580 0.2055794 0.2065017 0.3380685 0.3398246 0.3389104 0.3406765 0.3013398 0.3022918 0.3136871 0.3020957 0.3145523 0.3005265 0.2732067 0.2719122 0.2738328 0.2725324 0.3664059 0.3653638 0.3673763 0.3564333 0.3125638 0.3407731 0.2702928 0.2688369 0.1730859 0.1738241 0.0000010 0.0000000 0.0000010 0.0000010 0.2015865 0.2006592 0.2020346 0.2011032 0.2059860 0.2069455 0.2064455 0.2074092 0.1386686 0.1206305 0.1201112 0.1311845 0.2970562 0.2336743 0.2326182 0.2341847 0.2331240 0.2394373 0.2243777 0.2226133 0.2127516 0.2132486 0.2122949 0.2132486 0.2122949 0.2127516 0.2137094 0.2296248 0.2306773 0.2106097 0.2115611 0.2101561 0.2101561 0.2111033 0.2237209 0.2234804 0.2239685 0.2265094 0.2247354 0.1833448 0.2153675 0.2144011 0.2158345 0.2148639 
XM_018558179.1 0.2783997 0.2783997 0.2783997 0.3097194 0.3097194 0.3097194 0.2102003 0.2102003 0.2267494 0.2267494 0.2065017 0.2065017 0.2065017 0.2065017 0.3406765 0.3406765 0.3406765 0.3406765 0.3020957 0.3046223 0.3145523 0.3020957 0.3145523 0.3020957 0.2738328 0.2738328 0.2738328 0.2738328 0.3673763 0.3673763 0.3673763 0.3584010 0.3150154 0.3433882 0.2709977 0.2709977 0.1741805 0.1741805 0.0000010 0.0000010 0.0000000 0.0000010 0.2020346 0.2020346 0.2020346 0.2020346 0.2074092 0.2074092 0.2074092 0.2074092 0.1395847 0.1208812 0.1208812 0.1313661 0.2976521 0.2341847 0.2341847 0.2341847 0.2341847 0.2410985 0.2263928 0.2246140 0.2137094 0.2137094 0.2137094 0.2137094 0.2137094 0.2137094 0.2137094 0.2311860 0.2311860 0.2115611 0.2115611 0.2115611 0.2115611 0.2115611 0.2252257 0.2249919 0.2249919 0.2265094 0.2252257 0.1846471 0.2158345 0.2158345 0.2158345 0.2158345 
XM_018558177.1 0.2770506 0.2783997 0.2770506 0.3082096 0.3082096 0.3097194 0.2092028 0.2102003 0.2267494 0.2256708 0.2055794 0.2065017 0.2055794 0.2065017 0.3389104 0.3406765 0.3389104 0.3406765 0.3020957 0.3030442 0.3145523 0.3020957 0.3145523 0.3005265 0.2738328 0.2725324 0.2738328 0.2725324 0.3673763 0.3653638 0.3673763 0.3564333 0.3133554 0.3416177 0.2709977 0.2695341 0.1734393 0.1741805 0.0000010 0.0000010 0.0000010 0.0000000 0.2020346 0.2011032 0.2020346 0.2011032 0.2064455 0.2074092 0.2064455 0.2074092 0.1389643 0.1208812 0.1203598 0.1311845 0.2973572 0.2341847 0.2331240 0.2341847 0.2331240 0.2399736 0.2250274 0.2232583 0.2127516 0.2137094 0.2127516 0.2137094 0.2127516 0.2127516 0.2137094 0.2301288 0.2311860 0.2106097 0.2115611 0.2106097 0.2106097 0.2115611 0.2242068 0.2239685 0.2239685 0.2265094 0.2252257 0.1837651 0.2158345 0.2148639 0.2158345 0.2148639 
XM_044278634.1 0.5798329 0.5787732 0.5787732 0.6217224 0.6207389 0.6207389 0.2733324 0.2733324 0.4132878 0.4132878 0.4446922 0.4446922 0.4453217 0.4453217 0.9072363 0.9072363 0.9090880 0.9090880 0.3404397 0.3574546 0.3578960 0.3412829 0.3588720 0.3412829 0.6466013 0.6466013 0.6476194 0.6476194 0.7440452 0.7457240 0.7457240 0.7372702 0.6956220 0.9261236 0.2885536 0.2885536 0.4178253 0.4178253 0.2015865 0.2015865 0.2020346 0.2020346 0.0000000 0.0000010 0.0000010 0.0000010 0.0204750 0.0204750 0.0204924 0.0204924 0.4181306 0.4049723 0.4049723 0.2540972 0.6784422 0.2319699 0.2319699 0.2322211 0.2322211 0.2412402 0.2322905 0.2328031 0.2048054 0.2045890 0.2045890 0.2045890 0.2045890 0.2048054 0.2048054 0.3964719 0.3964719 0.2133865 0.2133865 0.2131514 0.2131514 0.2131514 0.2191296 0.2151186 0.2153610 0.2193710 0.2198875 0.1250629 0.2204850 0.2204850 0.2207253 0.2207253 
XM_044278631.1 0.5776414 0.5787732 0.5765897 0.6196897 0.6187126 0.6207389 0.2724190 0.2733324 0.4132878 0.4115774 0.4433905 0.4446922 0.4440162 0.4453217 0.9034508 0.9072363 0.9052866 0.9090880 0.3404397 0.3556348 0.3578960 0.3412829 0.3588720 0.3395334 0.6466013 0.6445050 0.6476194 0.6455163 0.7440452 0.7422657 0.7457240 0.7338489 0.6925000 0.9221872 0.2885536 0.2869850 0.4167081 0.4178253 0.2015865 0.2006592 0.2020346 0.2011032 0.0000010 0.0000000 0.0000010 0.0000010 0.0204389 0.0204750 0.0204562 0.0204924 0.4163798 0.4049723 0.4033705 0.2537164 0.6780150 0.2319699 0.2314485 0.2322211 0.2316985 0.2406855 0.2312298 0.2317378 0.2043551 0.2045890 0.2041396 0.2045890 0.2041396 0.2043551 0.2048054 0.3954425 0.3964719 0.2128974 0.2133865 0.2126635 0.2126635 0.2131514 0.2186284 0.2146154 0.2148567 0.2193710 0.2198875 0.1245596 0.2204850 0.2199859 0.2207253 0.2202252 
XM_044278635.1 0.5798329 0.5798329 0.5798329 0.6217224 0.6217224 0.6217224 0.2737733 0.2737733 0.4141163 0.4141163 0.4453217 0.4453217 0.4453217 0.4453217 0.9090880 0.9090880 0.9090880 0.9090880 0.3412829 0.3583363 0.3588720 0.3412829 0.3588720 0.3412829 0.6476194 0.6476194 0.6476194 0.6476194 0.7457240 0.7457240 0.7457240 0.7372702 0.6971426 0.9280501 0.2893133 0.2893133 0.4183651 0.4183651 0.2020346 0.2020346 0.2020346 0.2020346 0.0000010 0.0000010 0.0000000 0.0000010 0.0204924 0.0204924 0.0204924 0.0204924 0.4189785 0.4057474 0.4057474 0.2540972 0.6788804 0.2322211 0.2322211 0.2322211 0.2322211 0.2415074 0.2328031 0.2333181 0.2048054 0.2048054 0.2048054 0.2048054 0.2048054 0.2048054 0.2048054 0.3969691 0.3969691 0.2133865 0.2133865 0.2133865 0.2133865 0.2133865 0.2193710 0.2153610 0.2153610 0.2193710 0.2201318 0.1253059 0.2207253 0.2207253 0.2207253 0.2207253 
