24
XM_069652424.1 0.0000000 0.9484762 1.4176534 1.0978887 1.0607532 1.2723863 1.4825662 1.0083089 0.9641892 0.7689468 0.7438268 0.7508424 0.7767989 1.1230415 0.7331683 0.7389837 0.7331528 0.8074552 0.6531044 1.2679773 0.6985270 0.6820043 1.4886821 0.6972396 
XM_069244662.1 0.9484762 0.0000000 1.2130794 0.9453359 0.9621331 1.1168718 1.2197883 0.9598095 0.9528807 0.8142594 0.7102087 0.7441588 0.7209708 0.9520771 0.7228378 0.7376273 0.7436579 0.7438641 0.6165526 1.1110614 0.7119887 0.6956252 1.1162809 0.6985782 
XM_029583828.1 1.4176534 1.2130794 0.0000000 0.6322584 0.5824079 1.1551197 1.2203970 0.8670111 0.8861274 0.6958730 0.6048288 0.6187238 0.6057762 0.8673495 0.6141891 0.6310934 0.6119109 0.6242464 0.5255440 1.0651735 0.6132870 0.5894032 1.1584504 0.5808705 
XM_033927472.1 1.0978887 0.9453359 0.6322584 0.0000000 0.4555705 0.9614560 0.9420611 0.8749171 0.7779318 0.6862790 0.6452242 0.6552621 0.6283487 0.8033542 0.6009997 0.6139256 0.6152087 0.6483740 0.5654561 0.8659896 0.6091515 0.6101486 0.9929298 0.6225148 
XM_030213164.1 1.0607532 0.9621331 0.5824079 0.4555705 0.0000000 0.9612858 0.9270617 0.8938278 0.7748099 0.7015412 0.6517343 0.6510250 0.6326437 0.8419209 0.6274808 0.6273422 0.6345050 0.6327572 0.5784944 0.8719857 0.6247984 0.6202542 0.8839529 0.6035564 
XM_053719842.1 1.2723863 1.1168718 1.1551197 0.9614560 0.9612858 0.0000000 0.8236115 0.6004902 0.6801140 0.5362001 0.5327499 0.5773616 0.5579939 0.6318250 0.5487691 0.5427863 0.5393712 0.5164989 0.4052422 0.7646659 0.4981366 0.5032687 0.7491557 0.5058645 
XM_002936703.5 1.4825662 1.2197883 1.2203970 0.9420611 0.9270617 0.8236115 0.0000000 0.6542772 0.6483046 0.5535695 0.4656596 0.4615136 0.4668254 0.7106746 0.4836232 0.4639924 0.4946583 0.5124005 0.3901670 1.1114341 0.4514670 0.4464566 1.1420560 0.4455341 
XM_063445236.1 1.0083089 0.9598095 0.8670111 0.8749171 0.8938278 0.6004902 0.6542772 0.0000000 0.5683159 0.4118805 0.5530089 0.5417097 0.5226544 0.5580864 0.5641500 0.5335686 0.5568686 0.4189349 0.3970454 0.5614161 0.4962898 0.4931571 0.5769063 0.5064191 
XM_063930535.1 0.9641892 0.9528807 0.8861274 0.7779318 0.7748099 0.6801140 0.6483046 0.5683159 0.0000000 0.4880580 0.3812834 0.4012504 0.3672132 0.4092215 0.3657348 0.3517171 0.3610624 0.3147556 0.3192317 0.5431283 0.3410298 0.3331187 0.5623978 0.3574369 
XM_053463150.1 0.7689468 0.8142594 0.6958730 0.6862790 0.7015412 0.5362001 0.5535695 0.4118805 0.4880580 0.0000000 0.4139434 0.3867995 0.3775437 0.4656187 0.4395949 0.3954989 0.4181795 0.4369532 0.4063852 0.5018691 0.3884467 0.3818306 0.4545067 0.3765733 
XM_072146158.1 0.7438268 0.7102087 0.6048288 0.6452242 0.6517343 0.5327499 0.4656596 0.5530089 0.3812834 0.4139434 0.0000000 0.1463135 0.1475479 0.4209943 0.1675805 0.1416759 0.1662862 0.3562899 0.3504364 0.4498526 0.1309948 0.1239100 0.3473711 0.1450154 
XM_056569420.1 0.7508424 0.7441588 0.6187238 0.6552621 0.6510250 0.5773616 0.4615136 0.5417097 0.4012504 0.3867995 0.1463135 0.0000000 0.1185427 0.4284284 0.1566702 0.1377107 0.1679710 0.3530238 0.3416286 0.4620883 0.1252523 0.1263237 0.3454272 0.1342787 
XM_069954961.1 0.7767989 0.7209708 0.6057762 0.6283487 0.6326437 0.5579939 0.4668254 0.5226544 0.3672132 0.3775437 0.1475479 0.1185427 0.0000000 0.3907200 0.1691393 0.1598462 0.1799910 0.3112382 0.2968429 0.4425935 0.1459035 0.1416775 0.3337608 0.1461980 
XM_072398697.1 1.1230415 0.9520771 0.8673495 0.8033542 0.8419209 0.6318250 0.7106746 0.5580864 0.4092215 0.4656187 0.4209943 0.4284284 0.3907200 0.0000000 0.4084299 0.4103780 0.4222169 0.1355162 0.1382819 0.2610026 0.3985465 0.3919800 0.6162986 0.4011480 
XM_073575240.1 0.7331683 0.7228378 0.6141891 0.6009997 0.6274808 0.5487691 0.4836232 0.5641500 0.3657348 0.4395949 0.1675805 0.1566702 0.1691393 0.4084299 0.0000000 0.0662721 0.0709158 0.3512610 0.3422418 0.4566656 0.1556271 0.1555523 0.3625504 0.1616818 
XM_073651297.1 0.7389837 0.7376273 0.6310934 0.6139256 0.6273422 0.5427863 0.4639924 0.5335686 0.3517171 0.3954989 0.1416759 0.1377107 0.1598462 0.4103780 0.0662721 0.0000000 0.0633429 0.3493986 0.3377302 0.4663259 0.1315175 0.1339021 0.3380189 0.1399072 
XM_069764085.1 0.7331528 0.7436579 0.6119109 0.6152087 0.6345050 0.5393712 0.4946583 0.5568686 0.3610624 0.4181795 0.1662862 0.1679710 0.1799910 0.4222169 0.0709158 0.0633429 0.0000000 0.3611565 0.3557271 0.4793667 0.1551974 0.1543873 0.3546454 0.1656174 
XM_018569636.1 0.8074552 0.7438641 0.6242464 0.6483740 0.6327572 0.5164989 0.5124005 0.4189349 0.3147556 0.4369532 0.3562899 0.3530238 0.3112382 0.1355162 0.3512610 0.3493986 0.3611565 0.0000000 0.1115695 0.1080446 0.3364151 0.3313777 0.4095686 0.3343487 
XM_040344556.1 0.6531044 0.6165526 0.5255440 0.5654561 0.5784944 0.4052422 0.3901670 0.3970454 0.3192317 0.4063852 0.3504364 0.3416286 0.2968429 0.1382819 0.3422418 0.3377302 0.3557271 0.1115695 0.0000000 0.0519161 0.3238677 0.3242892 0.3189507 0.3356038 
XM_073620606.1 1.2679773 1.1110614 1.0651735 0.8659896 0.8719857 0.7646659 1.1114341 0.5614161 0.5431283 0.5018691 0.4498526 0.4620883 0.4425935 0.2610026 0.4566656 0.4663259 0.4793667 0.1080446 0.0519161 0.0000000 0.4107724 0.3984033 0.9719761 0.4511076 
XM_040406300.1 0.6985270 0.7119887 0.6132870 0.6091515 0.6247984 0.4981366 0.4514670 0.4962898 0.3410298 0.3884467 0.1309948 0.1252523 0.1459035 0.3985465 0.1556271 0.1315175 0.1551974 0.3364151 0.3238677 0.4107724 0.0000000 0.0155833 0.3316949 0.1305126 
XM_044277535.1 0.6820043 0.6956252 0.5894032 0.6101486 0.6202542 0.5032687 0.4464566 0.4931571 0.3331187 0.3818306 0.1239100 0.1263237 0.1416775 0.3919800 0.1555523 0.1339021 0.1543873 0.3313777 0.3242892 0.3984033 0.0155833 0.0000000 0.3340355 0.1321254 
XM_068277174.1 1.4886821 1.1162809 1.1584504 0.9929298 0.8839529 0.7491557 1.1420560 0.5769063 0.5623978 0.4545067 0.3473711 0.3454272 0.3337608 0.6162986 0.3625504 0.3380189 0.3546454 0.4095686 0.3189507 0.9719761 0.3316949 0.3340355 0.0000000 0.2670150 
XM_066591271.1 0.6972396 0.6985782 0.5808705 0.6225148 0.6035564 0.5058645 0.4455341 0.5064191 0.3574369 0.3765733 0.1450154 0.1342787 0.1461980 0.4011480 0.1616818 0.1399072 0.1656174 0.3343487 0.3356038 0.4511076 0.1305126 0.1321254 0.2670150 0.0000000 
