43
XM_063435349.1 0.0000000 0.0000010 0.2498015 0.2498015 0.7101463 0.3375874 0.5610866 0.5610866 1.1247479 1.1225158 0.4574441 0.5212021 0.5212021 0.4902769 0.4902769 0.2041974 0.2041974 0.4789859 0.4789859 0.4821350 0.4821350 0.3323285 0.3323285 0.3321979 0.4890905 0.2580772 0.4909326 0.4909326 0.3410550 0.3410550 0.4805968 0.4805968 0.5116948 0.5116948 0.5254526 0.5185752 0.2548583 1.3668581 1.3638554 0.2649661 0.2649661 0.2633093 0.3121502 
XM_063435348.1 0.0000010 0.0000000 0.2399193 0.2498015 0.7108807 0.3237851 0.5381255 0.5610866 1.1203233 1.0593710 0.4416885 0.5213713 0.5021919 0.4720561 0.4902769 0.2041974 0.1946298 0.4790386 0.4622281 0.4821350 0.4651059 0.3182696 0.3323285 0.3182613 0.4891661 0.2466100 0.4731772 0.4909326 0.3259638 0.3410550 0.4805968 0.4640330 0.5118256 0.4946395 0.5078084 0.4992505 0.2548583 1.3617158 1.2795820 0.2437775 0.2582140 0.2446972 0.3121502 
XM_053450653.1 0.2498015 0.2399193 0.0000000 0.0000010 0.2125097 0.2042694 0.2757451 0.2877825 0.5661071 0.5362290 0.3000258 0.2786547 0.2670074 0.2531038 0.2648618 0.2417787 0.2278808 0.2824533 0.2703272 0.2763451 0.2631761 0.2921598 0.3049713 0.2947323 0.3038663 0.2782995 0.2871346 0.3027906 0.2858310 0.3014315 0.3018642 0.2891481 0.3068440 0.2942465 0.3100918 0.2605852 0.2590613 0.6560943 0.6189813 0.1887697 0.2016935 0.1823334 0.2548419 
XM_053450654.1 0.2498015 0.2498015 0.0000010 0.0000000 0.2125097 0.2123481 0.2877825 0.2877825 0.5638511 0.5628212 0.3134441 0.2786547 0.2786547 0.2648618 0.2648618 0.2417787 0.2417787 0.2824533 0.2824533 0.2763451 0.2763451 0.3049713 0.3049713 0.3077212 0.3038663 0.2913657 0.3027906 0.3027906 0.3014315 0.3014315 0.3018642 0.3018642 0.3068440 0.3068440 0.3237045 0.2726035 0.2590613 0.6535504 0.6522694 0.2016935 0.2016935 0.1950514 0.2548419 
XM_012966481.3 0.7101463 0.7108807 0.2125097 0.2125097 0.0000000 0.0017101 0.5510905 0.5510905 1.0714727 1.0700853 0.5665806 0.5422961 0.5422961 0.5314342 0.5314342 0.2458190 0.2458190 0.5671189 0.5671189 0.6195227 0.6204073 0.3827540 0.3827540 0.3853667 0.5826206 0.3242175 0.8436953 0.8436953 0.3916885 0.3916885 0.7088122 0.7088122 0.6609072 0.6601588 0.6700076 0.7440033 0.2892076 1.4584936 1.4562624 0.2423664 0.2423664 0.2262944 0.2567839 
NM_001008162.1 0.3375874 0.3237851 0.2042694 0.2123481 0.0017101 0.0000000 0.3485322 0.3587429 0.7212045 0.6928329 0.3652890 0.3747529 0.3633768 0.3455996 0.3562242 0.2458190 0.2311478 0.3956804 0.3835544 0.3611596 0.3434336 0.3706528 0.3818753 0.3481471 0.3794046 0.3133827 0.3772950 0.3983572 0.3741319 0.3951060 0.4242969 0.4095262 0.4370222 0.4221387 0.4789486 0.3874473 0.2892076 0.9068145 0.8668001 0.1937180 0.2070523 0.1835327 0.2558150 
XM_053691725.1 0.5610866 0.5381255 0.2757451 0.2877825 0.5510905 0.3485322 0.0000000 0.0000010 0.8911709 0.8576006 0.4401009 0.4829918 0.4692966 0.4473658 0.4602605 0.2259603 0.2130391 0.4552995 0.4427420 0.4587127 0.4398685 0.3278039 0.3374636 0.3258309 0.4288970 0.3020948 0.4275255 0.4468420 0.2965141 0.3122759 0.4525526 0.4389497 0.4782534 0.4627180 0.4738225 0.4271717 0.2373624 1.1408874 1.0920213 0.2102536 0.2245265 0.2074392 0.2713586 
XM_053691726.1 0.5610866 0.5610866 0.2877825 0.2877825 0.5510905 0.3587429 0.0000010 0.0000000 0.8893054 0.8881726 0.4522605 0.4829918 0.4829918 0.4602605 0.4602605 0.2259603 0.2259603 0.4552995 0.4552995 0.4587127 0.4587127 0.3374636 0.3374636 0.3359453 0.4288970 0.3114851 0.4468420 0.4468420 0.3122759 0.3122759 0.4525526 0.4525526 0.4782534 0.4757531 0.4865824 0.4437802 0.2373624 1.1384931 1.1368438 0.2245265 0.2245265 0.2218793 0.2713586 
XM_069611630.1 1.1247479 1.1203233 0.5661071 0.5638511 1.0714727 0.7212045 0.8911709 0.8893054 0.0000000 0.0000010 0.8462705 0.8956636 0.8974909 0.7933112 0.7916167 0.3540251 0.3564451 0.9002687 0.9021388 0.9014892 0.9014892 0.6070985 0.6054997 0.6313790 0.8235504 0.5238343 0.7318094 0.7295064 0.4988145 0.4964906 0.7880581 0.7898905 0.9351960 0.9346352 0.8527146 0.8852985 0.4629354 0.7895780 0.7888660 0.2596511 0.2572929 0.2462911 0.2806366 
XM_069611629.1 1.1225158 1.0593710 0.5362290 0.5628212 1.0700853 0.6928329 0.8576006 0.8881726 0.0000010 0.0000000 0.8153691 0.8945496 0.8644474 0.7647955 0.7906540 0.3532449 0.3341140 0.8991253 0.8682514 0.8999283 0.8559745 0.5845088 0.6047328 0.6064068 0.8226124 0.5036249 0.6954716 0.7282628 0.4708174 0.4955210 0.7870199 0.7592247 0.9340250 0.8999452 0.8234522 0.8437175 0.4620221 0.7895780 0.7647411 0.2429771 0.2567089 0.2301622 0.2800346 
XM_063963736.1 0.4574441 0.4416885 0.3000258 0.3134441 0.5665806 0.3652890 0.4401009 0.4522605 0.8462705 0.8153691 0.0000000 0.2616922 0.2558216 0.2358893 0.2414188 0.1344330 0.1273116 0.2678962 0.2619111 0.2688168 0.2601635 0.2104624 0.2161025 0.2235725 0.2426801 0.1994831 0.2507334 0.2597144 0.1946416 0.2037513 0.2632986 0.2568787 0.2598409 0.2532797 0.2799963 0.2484935 0.1533708 1.2481702 1.1933287 0.2286447 0.2445638 0.2070368 0.2660691 
XM_068258734.1 0.5212021 0.5213713 0.2786547 0.2786547 0.5422961 0.3747529 0.4829918 0.4829918 0.8956636 0.8945496 0.2616922 0.0000000 0.0000010 0.1794107 0.1794107 0.0815794 0.0815794 0.1768081 0.1768081 0.1647263 0.1647263 0.2565247 0.2565247 0.2497216 0.2991655 0.2211621 0.3079498 0.3079498 0.2184294 0.2184294 0.3244016 0.3244016 0.3128146 0.3118284 0.3407814 0.3103098 0.1656960 1.3355235 1.3334933 0.2462589 0.2462589 0.2419304 0.2675446 
XM_068258733.1 0.5212021 0.5021919 0.2670074 0.2786547 0.5422961 0.3633768 0.4692966 0.4829918 0.8974909 0.8644474 0.2558216 0.0000010 0.0000000 0.1757733 0.1794107 0.0815794 0.0775295 0.1768081 0.1733672 0.1647263 0.1602399 0.2494509 0.2565247 0.2428385 0.2991655 0.2146970 0.2967725 0.3079498 0.2083951 0.2184294 0.3244016 0.3159739 0.3128146 0.3048130 0.3329993 0.3007648 0.1656960 1.3382746 1.2780539 0.2303809 0.2462589 0.2261011 0.2675446 
XM_072423888.1 0.4902769 0.4720561 0.2531038 0.2648618 0.5314342 0.3455996 0.4473658 0.4602605 0.7933112 0.7647955 0.2358893 0.1794107 0.1757733 0.0000000 0.0000010 0.0445895 0.0424170 0.0836384 0.0821417 0.0838043 0.0816138 0.2301744 0.2366193 0.2404172 0.2810412 0.1954633 0.2879714 0.2992567 0.1824569 0.1916982 0.3269107 0.3182072 0.3186452 0.3092471 0.3241353 0.3028986 0.1490695 1.2596695 1.2025297 0.2094663 0.2240564 0.1857262 0.2640891 
XM_072423889.1 0.4902769 0.4902769 0.2648618 0.2648618 0.5314342 0.3562242 0.4602605 0.4602605 0.7916167 0.7906540 0.2414188 0.1794107 0.1794107 0.0000010 0.0000000 0.0445895 0.0445895 0.0836384 0.0836384 0.0838043 0.0838043 0.2366193 0.2366193 0.2474585 0.2810412 0.2012684 0.2992567 0.2992567 0.1916982 0.1916982 0.3269107 0.3269107 0.3186452 0.3167092 0.3317435 0.3130573 0.1490695 1.2569876 1.2550576 0.2240564 0.2240564 0.1987923 0.2640891 
XM_018565036.1 0.2041974 0.2041974 0.2417787 0.2417787 0.2458190 0.2458190 0.2259603 0.2259603 0.3540251 0.3532449 0.1344330 0.0815794 0.0815794 0.0445895 0.0445895 0.0000000 0.0000010 0.0310273 0.0310273 0.0356364 0.0356364 0.1386639 0.1386639 0.1523078 0.1565089 0.1565089 0.1249218 0.1249218 0.1247473 0.1247473 0.1483847 0.1483847 0.1428425 0.1428425 0.1481913 0.1401028 0.1401028 0.3797767 0.3789181 0.2283842 0.2283842 0.2026163 0.2299782 
XM_018565034.1 0.2041974 0.1946298 0.2278808 0.2417787 0.2458190 0.2311478 0.2130391 0.2259603 0.3564451 0.3341140 0.1273116 0.0815794 0.0775295 0.0424170 0.0445895 0.0000010 0.0000000 0.0310273 0.0295723 0.0356364 0.0339565 0.1313629 0.1386639 0.1441889 0.1565089 0.1480371 0.1182778 0.1249218 0.1181216 0.1247473 0.1483847 0.1404173 0.1428425 0.1352781 0.1403291 0.1326531 0.1401028 0.3822962 0.3577457 0.2132395 0.2283842 0.1890566 0.2299782 
XM_073596187.1 0.4789859 0.4790386 0.2824533 0.2824533 0.5671189 0.3956804 0.4552995 0.4552995 0.9002687 0.8991253 0.2678962 0.1768081 0.1768081 0.0836384 0.0836384 0.0310273 0.0310273 0.0000000 0.0000010 0.0199686 0.0199686 0.2463667 0.2463667 0.2550259 0.2821379 0.2054619 0.2836013 0.2836013 0.1953228 0.1953228 0.3106527 0.3106527 0.3129397 0.3111005 0.3268613 0.3008756 0.1419701 1.3049883 1.3030241 0.2321975 0.2321975 0.2140564 0.2579569 
XM_073596186.1 0.4789859 0.4622281 0.2703272 0.2824533 0.5671189 0.3835544 0.4427420 0.4552995 0.9021388 0.8682514 0.2619111 0.1768081 0.1733672 0.0821417 0.0836384 0.0310273 0.0295723 0.0000010 0.0000000 0.0199686 0.0195206 0.2397052 0.2463667 0.2479387 0.2821379 0.1995888 0.2734883 0.2836013 0.1863444 0.1953228 0.3106527 0.3027061 0.3129397 0.3041432 0.3195923 0.2917103 0.1419701 1.3076749 1.2494278 0.2172054 0.2321975 0.2000825 0.2579569 
XM_040361934.1 0.4821350 0.4821350 0.2763451 0.2763451 0.6195227 0.3611596 0.4587127 0.4587127 0.9014892 0.8999283 0.2688168 0.1647263 0.1647263 0.0838043 0.0838043 0.0356364 0.0356364 0.0199686 0.0199686 0.0000000 0.0000010 0.1873426 0.1873426 0.1950939 0.2786630 0.1571490 0.2892938 0.2892938 0.1938730 0.1938730 0.3036399 0.3036399 0.2820443 0.2820443 0.3017698 0.2962108 0.1442395 1.2621218 1.2595675 0.2283773 0.2283773 0.2109478 0.2527794 
XM_040361933.1 0.4821350 0.4651059 0.2631761 0.2763451 0.6204073 0.3434336 0.4398685 0.4587127 0.9014892 0.8559745 0.2601635 0.1647263 0.1602399 0.0816138 0.0838043 0.0356364 0.0339565 0.0199686 0.0195206 0.0000010 0.0000000 0.1794042 0.1873426 0.1867806 0.2789568 0.1498223 0.2788923 0.2892938 0.1848988 0.1938730 0.3036399 0.2935460 0.2823354 0.2738156 0.2923529 0.2872900 0.1442395 1.2621218 1.1878222 0.2136140 0.2283773 0.1971078 0.2527794 
XM_056529175.1 0.3323285 0.3182696 0.2921598 0.3049713 0.3827540 0.3706528 0.3278039 0.3374636 0.6070985 0.5845088 0.2104624 0.2565247 0.2494509 0.2301744 0.2366193 0.1386639 0.1313629 0.2463667 0.2397052 0.1873426 0.1794042 0.0000000 0.0000010 0.0766406 0.0905260 0.0872187 0.0729315 0.0759046 0.0745595 0.0776178 0.0980269 0.0955320 0.1041828 0.1005752 0.1108579 0.0930580 0.0819133 0.8371294 0.8013369 0.2016470 0.2156960 0.2053720 0.2724067 
XM_056529176.1 0.3323285 0.3323285 0.3049713 0.3049713 0.3827540 0.3818753 0.3374636 0.3374636 0.6054997 0.6047328 0.2161025 0.2565247 0.2565247 0.2366193 0.2366193 0.1386639 0.1386639 0.2463667 0.2463667 0.1873426 0.1873426 0.0000010 0.0000000 0.0784291 0.0905260 0.0893652 0.0759046 0.0759046 0.0776178 0.0776178 0.0980269 0.0980269 0.1041828 0.1029210 0.1133650 0.0964552 0.0819133 0.8350555 0.8338405 0.2156960 0.2156960 0.2201129 0.2724067 
XM_069979035.1 0.3321979 0.3182613 0.2947323 0.3077212 0.3853667 0.3481471 0.3258309 0.3359453 0.6313790 0.6064068 0.2235725 0.2497216 0.2428385 0.2404172 0.2474585 0.1523078 0.1441889 0.2550259 0.2479387 0.1950939 0.1867806 0.0766406 0.0784291 0.0000000 0.1089962 0.0888650 0.1003404 0.1044962 0.0798858 0.0833500 0.1186797 0.1155710 0.1185752 0.1145740 0.1241948 0.1048608 0.0849790 0.8421707 0.8052209 0.2013398 0.2153445 0.2105125 0.2690213 
XM_072130115.1 0.4890905 0.4891661 0.3038663 0.3038663 0.5826206 0.3794046 0.4288970 0.4288970 0.8235504 0.8226124 0.2426801 0.2991655 0.2991655 0.2810412 0.2810412 0.1565089 0.1565089 0.2821379 0.2821379 0.2786630 0.2789568 0.0905260 0.0905260 0.1089962 0.0000000 0.0000010 0.0887531 0.0887531 0.0781691 0.0781691 0.0869525 0.0869525 0.0955012 0.0945613 0.1156632 0.1065487 0.0748101 1.3509332 1.3489218 0.2369544 0.2369544 0.2539176 0.2631613 
XM_072130116.1 0.2580772 0.2466100 0.2782995 0.2913657 0.3242175 0.3133827 0.3020948 0.3114851 0.5238343 0.5036249 0.1994831 0.2211621 0.2146970 0.1954633 0.2012684 0.1565089 0.1480371 0.2054619 0.1995888 0.1571490 0.1498223 0.0872187 0.0893652 0.0888650 0.0000010 0.0000000 0.0652004 0.0682896 0.0651256 0.0682072 0.0848120 0.0824353 0.0894000 0.0858121 0.1019813 0.0689398 0.0754834 0.7004563 0.6704182 0.1918001 0.2050172 0.2063832 0.2622156 
XM_044268827.1 0.4909326 0.4731772 0.2871346 0.3027906 0.8436953 0.3772950 0.4275255 0.4468420 0.7318094 0.6954716 0.2507334 0.3079498 0.2967725 0.2879714 0.2992567 0.1249218 0.1182778 0.2836013 0.2734883 0.2892938 0.2788923 0.0729315 0.0759046 0.1003404 0.0887531 0.0652004 0.0000000 0.0000010 0.0031934 0.0033116 0.0851704 0.0828664 0.1016939 0.0989026 0.1134130 0.1198534 0.0741698 1.2467516 1.1671750 0.2016920 0.2157450 0.2032222 0.2246820 
XM_044268899.1 0.4909326 0.4909326 0.3027906 0.3027906 0.8436953 0.3983572 0.4468420 0.4468420 0.7295064 0.7282628 0.2597144 0.3079498 0.3079498 0.2992567 0.2992567 0.1249218 0.1249218 0.2836013 0.2836013 0.2892938 0.2892938 0.0759046 0.0759046 0.1044962 0.0887531 0.0682896 0.0000010 0.0000000 0.0033116 0.0033116 0.0851704 0.0851704 0.1016939 0.1016939 0.1166527 0.1233718 0.0741698 1.2429246 1.2401873 0.2157450 0.2157450 0.2177983 0.2246820 
XM_040436510.1 0.3410550 0.3259638 0.2858310 0.3014315 0.3916885 0.3741319 0.2965141 0.3122759 0.4988145 0.4708174 0.1946416 0.2184294 0.2083951 0.1824569 0.1916982 0.1247473 0.1181216 0.1953228 0.1863444 0.1938730 0.1848988 0.0745595 0.0776178 0.0798858 0.0781691 0.0651256 0.0031934 0.0033116 0.0000000 0.0000010 0.0736525 0.0708057 0.0834195 0.0801909 0.0879403 0.0859365 0.0726059 0.6252918 0.5867905 0.2042202 0.2184930 0.2058238 0.2298553 
XM_040436511.1 0.3410550 0.3410550 0.3014315 0.3014315 0.3916885 0.3951060 0.3122759 0.3122759 0.4964906 0.4955210 0.2037513 0.2184294 0.2184294 0.1916982 0.1916982 0.1247473 0.1247473 0.1953228 0.1953228 0.1938730 0.1938730 0.0776178 0.0776178 0.0833500 0.0781691 0.0682072 0.0033116 0.0033116 0.0000010 0.0000000 0.0736525 0.0736525 0.0834195 0.0834195 0.0915140 0.0894937 0.0726059 0.6225529 0.6212167 0.2184930 0.2184930 0.2206348 0.2298553 
XM_066598822.1 0.4805968 0.4805968 0.3018642 0.3018642 0.7088122 0.4242969 0.4525526 0.4525526 0.7880581 0.7870199 0.2632986 0.3244016 0.3244016 0.3269107 0.3269107 0.1483847 0.1483847 0.3106527 0.3106527 0.3036399 0.3036399 0.0980269 0.0980269 0.1186797 0.0869525 0.0848120 0.0851704 0.0851704 0.0736525 0.0736525 0.0000000 0.0000010 0.0845272 0.0845272 0.1068678 0.0996914 0.0727296 1.3020310 1.2998163 0.2232208 0.2232208 0.2253752 0.2697366 
XM_066598821.1 0.4805968 0.4640330 0.2891481 0.3018642 0.7088122 0.4095262 0.4389497 0.4525526 0.7898905 0.7592247 0.2568787 0.3244016 0.3159739 0.3182072 0.3269107 0.1483847 0.1404173 0.3106527 0.3027061 0.3036399 0.2935460 0.0955320 0.0980269 0.1155710 0.0869525 0.0824353 0.0828664 0.0851704 0.0708057 0.0736525 0.0000010 0.0000000 0.0845272 0.0829379 0.1048164 0.0972632 0.0727296 1.3050644 1.2397441 0.2086052 0.2232208 0.2102210 0.2697366 
XM_073681373.1 0.5116948 0.5118256 0.3068440 0.3068440 0.6609072 0.4370222 0.4782534 0.4782534 0.9351960 0.9340250 0.2598409 0.3128146 0.3128146 0.3186452 0.3186452 0.1428425 0.1428425 0.3129397 0.3129397 0.2820443 0.2823354 0.1041828 0.1041828 0.1185752 0.0955012 0.0894000 0.1016939 0.1016939 0.0834195 0.0834195 0.0845272 0.0845272 0.0000000 0.0000010 0.0414916 0.0413000 0.0326421 1.4944588 1.4920099 0.2404073 0.2404073 0.2555013 0.2779203 
XM_073681372.1 0.5116948 0.4946395 0.2942465 0.3068440 0.6601588 0.4221387 0.4627180 0.4757531 0.9346352 0.8999452 0.2532797 0.3118284 0.3048130 0.3092471 0.3167092 0.1428425 0.1352781 0.3111005 0.3041432 0.2820443 0.2738156 0.1005752 0.1029210 0.1145740 0.0945613 0.0858121 0.0989026 0.1016939 0.0801909 0.0834195 0.0845272 0.0829379 0.0000010 0.0000000 0.0409216 0.0404305 0.0326421 1.4951811 1.4226649 0.2250154 0.2404073 0.2385991 0.2779203 
XM_073555742.1 0.5254526 0.5078084 0.3100918 0.3237045 0.6700076 0.4789486 0.4738225 0.4865824 0.8527146 0.8234522 0.2799963 0.3407814 0.3329993 0.3241353 0.3317435 0.1481913 0.1403291 0.3268613 0.3195923 0.3017698 0.2923529 0.1108579 0.1133650 0.1241948 0.1156632 0.1019813 0.1134130 0.1166527 0.0879403 0.0915140 0.1068678 0.1048164 0.0414916 0.0409216 0.0000000 0.0472101 0.0338725 1.3635190 1.3024450 0.2344733 0.2506400 0.2382357 0.2831856 
XM_069753758.1 0.5185752 0.4992505 0.2605852 0.2726035 0.7440033 0.3874473 0.4271717 0.4437802 0.8852985 0.8437175 0.2484935 0.3103098 0.3007648 0.3028986 0.3130573 0.1401028 0.1326531 0.3008756 0.2917103 0.2962108 0.2872900 0.0930580 0.0964552 0.1048608 0.1065487 0.0689398 0.1198534 0.1233718 0.0859365 0.0894937 0.0996914 0.0972632 0.0413000 0.0404305 0.0472101 0.0000000 0.0000010 1.3465838 1.2664565 0.2170031 0.2319617 0.2258074 0.2777738 
XM_069753759.1 0.2548583 0.2548583 0.2590613 0.2590613 0.2892076 0.2892076 0.2373624 0.2373624 0.4629354 0.4620221 0.1533708 0.1656960 0.1656960 0.1490695 0.1490695 0.1401028 0.1401028 0.1419701 0.1419701 0.1442395 0.1442395 0.0819133 0.0819133 0.0849790 0.0748101 0.0754834 0.0741698 0.0741698 0.0726059 0.0726059 0.0727296 0.0727296 0.0326421 0.0326421 0.0338725 0.0000010 0.0000000 0.5454851 0.5443221 0.2084355 0.2084355 0.2202184 0.2768687 
XM_069239567.1 1.3668581 1.3617158 0.6560943 0.6535504 1.4584936 0.9068145 1.1408874 1.1384931 0.7895780 0.7895780 1.2481702 1.3355235 1.3382746 1.2596695 1.2569876 0.3797767 0.3822962 1.3049883 1.3076749 1.2621218 1.2621218 0.8371294 0.8350555 0.8421707 1.3509332 0.7004563 1.2467516 1.2429246 0.6252918 0.6225529 1.3020310 1.3050644 1.4944588 1.4951811 1.3635190 1.3465838 0.5454851 0.0000000 0.0000010 0.2340275 0.2317929 0.2326232 0.2584687 
XM_069239566.1 1.3638554 1.2795820 0.6189813 0.6522694 1.4562624 0.8668001 1.0920213 1.1368438 0.7888660 0.7647411 1.1933287 1.3334933 1.2780539 1.2025297 1.2550576 0.3789181 0.3577457 1.3030241 1.2494278 1.2595675 1.1878222 0.8013369 0.8338405 0.8052209 1.3489218 0.6704182 1.1671750 1.2401873 0.5867905 0.6212167 1.2998163 1.2397441 1.4920099 1.4226649 1.3024450 1.2664565 0.5443221 0.0000010 0.0000000 0.2195514 0.2312869 0.2178530 0.2579317 
XM_029608016.1 0.2649661 0.2437775 0.1887697 0.2016935 0.2423664 0.1937180 0.2102536 0.2245265 0.2596511 0.2429771 0.2286447 0.2462589 0.2303809 0.2094663 0.2240564 0.2283842 0.2132395 0.2321975 0.2172054 0.2283773 0.2136140 0.2016470 0.2156960 0.2013398 0.2369544 0.1918001 0.2016920 0.2157450 0.2042202 0.2184930 0.2232208 0.2086052 0.2404073 0.2250154 0.2344733 0.2170031 0.2084355 0.2340275 0.2195514 0.0000000 0.0000010 0.0723055 0.0821290 
XM_029608017.1 0.2649661 0.2582140 0.2016935 0.2016935 0.2423664 0.2070523 0.2245265 0.2245265 0.2572929 0.2567089 0.2445638 0.2462589 0.2462589 0.2240564 0.2240564 0.2283842 0.2283842 0.2321975 0.2321975 0.2283773 0.2283773 0.2156960 0.2156960 0.2153445 0.2369544 0.2050172 0.2157450 0.2157450 0.2184930 0.2184930 0.2232208 0.2232208 0.2404073 0.2404073 0.2506400 0.2319617 0.2084355 0.2317929 0.2312869 0.0000010 0.0000000 0.0765921 0.0821290 
XM_030204785.1 0.2633093 0.2446972 0.1823334 0.1950514 0.2262944 0.1835327 0.2074392 0.2218793 0.2462911 0.2301622 0.2070368 0.2419304 0.2261011 0.1857262 0.1987923 0.2026163 0.1890566 0.2140564 0.2000825 0.2109478 0.1971078 0.2053720 0.2201129 0.2105125 0.2539176 0.2063832 0.2032222 0.2177983 0.2058238 0.2206348 0.2253752 0.2102210 0.2555013 0.2385991 0.2382357 0.2258074 0.2202184 0.2326232 0.2178530 0.0723055 0.0765921 0.0000000 0.0542633 
XM_033943356.1 0.3121502 0.3121502 0.2548419 0.2548419 0.2567839 0.2558150 0.2713586 0.2713586 0.2806366 0.2800346 0.2660691 0.2675446 0.2675446 0.2640891 0.2640891 0.2299782 0.2299782 0.2579569 0.2579569 0.2527794 0.2527794 0.2724067 0.2724067 0.2690213 0.2631613 0.2622156 0.2246820 0.2246820 0.2298553 0.2298553 0.2697366 0.2697366 0.2779203 0.2779203 0.2831856 0.2777738 0.2768687 0.2584687 0.2579317 0.0821290 0.0821290 0.0542633 0.0000000 
