71
XM_069619223.1 0.0000000 0.0568256 0.0568256 0.0157166 1.1254740 1.1392916 1.1692816 1.1654508 1.1173012 0.9496849 1.0864880 0.9901419 0.5638720 0.5701419 0.6011969 0.8454205 1.0264466 0.9904227 0.9437411 0.9768339 0.9806975 1.0587946 1.0620278 1.1007131 1.0614666 1.1020354 1.1814452 1.1972789 1.4491005 1.5414573 1.5414573 1.0987219 1.4103498 1.4882986 1.4882986 1.3862156 1.3886726 0.9662970 1.5803523 1.5773019 1.5821653 1.5852342 0.9940540 1.1683872 1.1732792 1.2612700 1.2131438 1.2519782 1.2519782 1.2965566 1.2965566 1.6106492 1.2306342 1.2691375 1.2691375 1.2860191 1.2860191 1.2388016 1.2289130 1.4168202 1.4140115 1.4005060 1.5673350 1.5702771 1.5673350 1.2945205 1.2938672 1.1689954 1.5327492 1.2101822 1.1109026 
XM_069619221.1 0.0568256 0.0000000 0.0000010 0.0180270 1.3589624 1.3253991 1.4843678 1.4804313 1.6553024 1.1023863 1.5245683 1.2146066 0.5575978 0.7924500 0.7097822 1.7827981 1.2305276 1.4353471 0.9558527 1.0726494 1.0772524 1.1582449 1.1962683 1.3216237 1.1622803 1.1201430 1.1495474 1.6576716 2.2283861 2.4388898 2.4388898 1.0607130 2.0858042 2.2078617 2.2078617 1.9358877 1.9398981 1.0395164 2.8445724 2.8377446 2.8439916 2.8508460 0.9725629 1.1467785 1.1461343 1.8764252 1.6074336 1.7599243 1.7504656 1.7276708 1.7359647 2.4518032 1.4130807 1.7631267 1.7714980 1.7678972 1.7514029 1.4458035 1.4481239 2.0303801 2.0289456 1.9707753 2.4891790 2.4945848 2.4891790 1.4987889 1.5018350 1.3287954 2.1861879 1.1491806 1.0633019 
XM_069619222.1 0.0568256 0.0000010 0.0000000 0.0180270 1.6803396 1.6447183 1.8088242 1.8045184 1.6553024 1.1023863 1.5245683 1.2146066 0.6340669 1.0230123 0.9372570 2.0433397 1.5664603 1.7763391 1.2815122 1.4005506 1.4087462 1.5217476 1.4070044 1.5343503 1.3748863 1.5334637 1.6684732 2.1142000 2.6844148 2.8151974 2.8151974 1.1072975 2.6021785 2.6622166 2.6622166 2.6649162 2.6711864 1.0395164 3.6019533 3.5926683 3.5998730 3.6091909 0.9725629 1.6961456 1.8058321 2.3897450 2.1151095 2.2661089 2.2564583 2.2177839 2.2257751 2.9563542 1.9033282 2.2577463 2.2658111 2.2728055 2.2550895 1.9391001 1.9528020 2.5334912 2.5331331 2.4748990 2.9911635 2.9978751 2.9911635 2.0113209 2.0137933 1.3922313 2.7014040 1.7398725 1.0633019 
XM_069619224.1 0.0157166 0.0180270 0.0180270 0.0000000 1.0631213 1.0696470 1.1034468 1.0993579 1.0253811 0.9788919 1.0123827 0.9637635 0.5775820 0.5176440 0.4982070 0.7038775 0.9332801 0.9721594 0.9065214 0.9177509 0.9164406 1.0012295 1.0555039 1.0790061 1.0614441 1.0478321 1.1735328 1.1804428 1.2495053 1.3969922 1.3969922 1.1424490 1.2826369 1.3371293 1.3371293 1.2808334 1.2808334 0.9476778 1.4488996 1.4488996 1.4488996 1.4488996 0.9945934 1.1815549 1.1878349 1.2672512 1.2284259 1.2718873 1.2718873 1.2930243 1.2930243 1.3938192 1.2293372 1.2930184 1.2930184 1.2569725 1.2569725 1.2221419 1.2165330 1.3227810 1.3227810 1.3227810 1.3622426 1.3622426 1.3622426 1.2480898 1.2480898 1.1697754 1.3608315 1.2236032 1.1167190 
XM_030220125.1 1.1254740 1.3589624 1.6803396 1.0631213 0.0000000 0.0230202 0.0200394 0.0200692 0.1783043 0.1638601 0.1763811 0.1558932 1.4424055 1.6002058 1.6101312 1.8910899 0.6710815 0.7075706 0.5884084 0.6329278 0.6420716 0.6875359 1.8687274 1.9320620 1.8415162 1.7085985 1.7967412 1.9001588 2.0068404 2.0924557 2.0924557 1.5549217 1.9382398 1.9295938 1.9295938 2.1904505 2.1904505 1.2861791 2.2041155 2.2041155 2.2095647 2.2095647 1.0654592 1.6999918 1.7473101 1.9253900 1.8362131 1.8587547 1.8587547 1.8953843 1.8953843 1.9887700 1.8709616 1.8964749 1.8964749 1.8690135 1.8690135 1.8369497 1.8161730 1.8180069 1.8180069 1.8180069 1.9764539 1.9764539 1.9764539 1.8057562 1.8090771 1.7399189 2.0413481 1.7870912 1.3264398 
XM_030220124.1 1.1392916 1.3253991 1.6447183 1.0696470 0.0230202 0.0000000 0.0195450 0.0195741 0.1854517 0.1684802 0.1639477 0.1570415 1.4424055 1.6002058 1.5988755 1.8947433 0.6839536 0.7317469 0.5915394 0.6340382 0.6432318 0.6889937 1.8539837 1.9271277 1.8444028 1.7085985 1.7967412 1.9125596 2.0356257 2.1789305 2.1789305 1.5549217 1.9675743 1.9679736 1.9679736 2.1898398 2.1898398 1.2861791 2.2409267 2.2409267 2.2465058 2.2465058 1.0654592 1.6999918 1.7473101 1.8654283 1.8030419 1.8430869 1.8430869 1.9157288 1.9157288 1.9604140 1.8381552 1.8993486 1.8993486 1.8886285 1.8886285 1.8503290 1.8341387 1.8504218 1.8504218 1.8504218 1.9509158 1.9509158 1.9509158 1.7883244 1.7916440 1.7210178 2.0081465 1.7870912 1.3264398 
XM_030220126.1 1.1692816 1.4843678 1.8088242 1.1034468 0.0200394 0.0195450 0.0000000 0.0000010 0.2425004 0.1742354 0.1957446 0.1828254 1.4565539 1.6197047 1.6892731 2.1599294 0.7666148 0.7965149 0.5878661 0.6442926 0.6535793 0.7000005 1.8675968 1.9445043 1.8404859 1.7085985 1.7967412 1.9335066 2.1991904 2.2729358 2.2729358 1.5549217 2.0907872 2.0925336 2.0925336 2.2814042 2.2814042 1.2861791 2.3745979 2.3745979 2.3802371 2.3802371 1.0654592 1.6999918 1.7473101 2.0059015 1.8388842 1.8892283 1.8892283 1.9671015 1.9671015 2.1477277 1.8579058 1.9323403 1.9323403 1.9385446 1.9385446 1.8688170 1.8525795 1.8715008 1.8715008 1.8715008 2.1277367 2.1277367 2.1277367 1.8250423 1.8231365 1.7406090 2.1007431 1.7870912 1.3264398 
XM_030220127.1 1.1654508 1.4804313 1.8045184 1.0993579 0.0200692 0.0195741 0.0000010 0.0000000 0.2408984 0.1728392 0.1944118 0.1815196 1.4565539 1.6156537 1.6851072 2.1552039 0.7641432 0.7940671 0.5854204 0.6418495 0.6511101 0.6973544 1.8630320 1.9398488 1.8359492 1.7043091 1.7923174 1.9289174 2.1943536 2.2680285 2.2680285 1.5505026 2.0861129 2.0878379 2.0878379 2.2763115 2.2763115 1.2823979 2.3695244 2.3695244 2.3751532 2.3751532 1.0615626 1.6953939 1.7429850 2.0013663 1.8345266 1.8848298 1.8848298 1.9625634 1.9625634 2.1429769 1.8535048 1.9278813 1.9278813 1.9340491 1.9340491 1.8643866 1.8481696 1.8670683 1.8670683 1.8670683 2.1230231 2.1230231 2.1230231 1.8205836 1.8186833 1.7361702 2.0960829 1.7823481 1.3220590 
XM_033956029.1 1.1173012 1.6553024 1.6553024 1.0253811 0.1783043 0.1854517 0.2425004 0.2408984 0.0000000 0.0365438 0.1017412 0.0319744 1.0272991 1.1924378 1.2271936 1.7405933 0.5377038 0.5404358 0.3512892 0.3822993 0.3865840 0.4252582 1.3205179 1.4556942 1.2916727 1.2080250 1.2490810 1.4904624 1.8338180 1.8466464 1.8466464 1.2479142 1.7526954 1.8113947 1.8113947 1.7407211 1.7407211 1.2585024 2.0535036 2.0535036 2.0590002 2.0590002 1.1353729 1.2179809 1.2930543 1.5238970 1.4266389 1.4738209 1.4738209 1.5150918 1.5150918 1.8876209 1.4169766 1.5000868 1.5000868 1.4884084 1.4884084 1.3941728 1.3804828 1.4713367 1.4713367 1.4713367 1.8772088 1.8772088 1.8772088 1.4942538 1.4978487 1.3706962 1.7878063 1.2711258 1.2442183 
XM_033956031.1 0.9496849 1.1023863 1.1023863 0.9788919 0.1638601 0.1684802 0.1742354 0.1728392 0.0365438 0.0000000 0.0305028 0.0249888 1.0036580 1.0635496 1.0635496 1.2544881 0.3467435 0.4097353 0.3489312 0.3562679 0.3605614 0.3999883 1.2853373 1.3179394 1.2657929 1.1802098 1.2559048 1.3344016 1.3782209 1.4533792 1.4533792 1.2682126 1.5019122 1.4878777 1.4878777 1.3914846 1.3914846 1.2511384 1.4665515 1.4665515 1.4715435 1.4715435 1.1280706 1.2179809 1.2912526 1.2575249 1.2575249 1.2575249 1.2575249 1.3099118 1.3099118 1.3840472 1.2801004 1.2836407 1.2836407 1.2993013 1.2993013 1.2921266 1.2819193 1.3022889 1.3022889 1.3022889 1.4212069 1.4212069 1.4212069 1.3021441 1.3005301 1.3260761 1.4945620 1.2711258 1.2403504 
XM_033956028.1 1.0864880 1.5245683 1.5245683 1.0123827 0.1763811 0.1639477 0.1957446 0.1944118 0.1017412 0.0305028 0.0000000 0.0195182 1.0212729 1.1700082 1.1913405 1.7925287 0.4832564 0.5606898 0.3608844 0.4206071 0.4252418 0.4666235 1.3141915 1.4699531 1.3020675 1.2080250 1.2490810 1.5808270 1.8150269 1.8472695 1.8472695 1.2479142 1.8138925 1.8137362 1.8137362 1.7837283 1.7837283 1.2585024 1.9381842 1.9381842 1.9434578 1.9434578 1.1353729 1.2179809 1.2930543 1.4930873 1.4354818 1.4623214 1.4623214 1.5402766 1.5402766 1.8152320 1.4466815 1.4925941 1.4925941 1.5115490 1.5115490 1.4354554 1.4258944 1.5601716 1.5601716 1.5601716 1.8809631 1.8809631 1.8809631 1.4533834 1.4576554 1.4249932 1.9443055 1.2711258 1.2442183 
XM_033956030.1 0.9901419 1.2146066 1.2146066 0.9637635 0.1558932 0.1570415 0.1828254 0.1815196 0.0319744 0.0249888 0.0195182 0.0000000 1.0109871 1.1143263 1.1570276 1.3818888 0.4471271 0.4759110 0.3522740 0.3775270 0.3817222 0.4196722 1.3180427 1.3598529 1.2889339 1.2080250 1.2490810 1.3384348 1.4550015 1.5030178 1.5030178 1.2479142 1.5056659 1.4720272 1.4720272 1.4153938 1.4153938 1.2585024 1.5452457 1.5452457 1.5499936 1.5499936 1.1353729 1.2179809 1.2930543 1.3813414 1.3181277 1.3729577 1.3729577 1.3930163 1.3930163 1.4871295 1.2879374 1.3986981 1.3986981 1.3880371 1.3880371 1.3547720 1.3451818 1.3224733 1.3224733 1.3224733 1.4692363 1.4692363 1.4692363 1.3297479 1.3282180 1.3500160 1.4932605 1.2711258 1.2442183 
XM_069214524.1 0.5638720 0.5575978 0.6340669 0.5775820 1.4424055 1.4424055 1.4565539 1.4565539 1.0272991 1.0036580 1.0212729 1.0109871 0.0000000 0.1250166 0.1246554 0.1292519 1.2165205 1.2214319 1.2098776 1.2098776 1.2179485 1.3565928 1.4067942 1.3695737 1.3726835 1.3891699 1.3549279 1.1963662 1.2265999 1.3725607 1.3725607 1.2496725 1.3120661 1.3131155 1.3131155 1.3228922 1.3257579 1.0449803 1.3445500 1.3416081 1.3472977 1.3502657 0.9267915 1.3316656 1.2446851 1.2813149 1.2800896 1.2736835 1.2736835 1.2964047 1.2964047 1.3491701 1.2964047 1.2944451 1.2944451 1.3059522 1.3059522 1.3030363 1.2822010 1.3426886 1.3389786 1.3141597 1.3879024 1.3909317 1.3879024 1.3377407 1.3368122 1.2737270 1.3868397 1.4022020 1.2006609 
XM_069214522.1 0.5701419 0.7924500 1.0230123 0.5176440 1.6002058 1.6002058 1.6197047 1.6156537 1.1924378 1.0635496 1.1700082 1.1143263 0.1250166 0.0000000 0.0193050 0.0442328 1.4622116 1.4908894 1.3669747 1.3677886 1.3749282 1.4821001 1.5824734 1.5454239 1.5480813 1.6181453 1.5128640 1.5671856 1.7573263 1.7348643 1.7348643 1.2861205 1.5829892 1.6693717 1.6693717 1.6347821 1.6377252 1.0358245 1.9337345 1.9298584 1.9348478 1.9387425 0.9604612 1.4484523 1.3794058 1.6055696 1.5677887 1.5784066 1.5698993 1.5476884 1.5555182 1.7276692 1.5061514 1.5602629 1.5680528 1.5745431 1.5637036 1.5178537 1.5224904 1.7398409 1.7379304 1.6911709 1.6942627 1.6971739 1.6942627 1.4842868 1.4833877 1.3796170 1.6932670 1.5773194 1.3112685 
XM_069214523.1 0.6011969 0.7097822 0.9372570 0.4982070 1.6101312 1.5988755 1.6892731 1.6851072 1.2271936 1.0635496 1.1913405 1.1570276 0.1246554 0.0193050 0.0000000 0.0212105 1.4399747 1.4201509 1.3605096 1.3605096 1.3675982 1.4744133 1.5211033 1.4875440 1.4900342 1.6295178 1.5128640 1.5198573 1.6408547 1.7082324 1.7082324 1.2861205 1.5239735 1.5964645 1.5964645 1.6300639 1.6329700 1.0358245 1.8248609 1.8213853 1.8261299 1.8296227 0.9604612 1.4484523 1.3794058 1.5410804 1.4860917 1.5379176 1.5379176 1.5048073 1.5048073 1.7206869 1.4695641 1.5278402 1.5278402 1.5383869 1.5383869 1.5045579 1.5129985 1.6779428 1.6759389 1.6477362 1.6631012 1.6659281 1.6631012 1.4825479 1.4816530 1.3430786 1.6638402 1.5773194 1.3112685 
XM_069214521.1 0.8454205 1.7827981 2.0433397 0.7038775 1.8910899 1.8947433 2.1599294 2.1552039 1.7405933 1.2544881 1.7925287 1.3818888 0.1292519 0.0442328 0.0212105 0.0000000 1.6867026 1.8900730 1.4034797 1.5343308 1.5430974 1.6658529 1.7055488 1.8293671 1.6497371 1.6696436 1.5128640 2.0733733 2.7222430 2.9255637 2.9255637 1.2861205 2.3879478 2.6395337 2.6395337 2.2831052 2.2880163 1.0358245 3.2321569 3.2242698 3.2308413 3.2387569 0.9604612 1.4484523 1.3794058 2.1445655 1.8732267 2.0599979 2.0514925 2.1754791 2.1829411 2.8088300 1.7934915 2.0361240 2.0434561 2.1709067 2.1603375 1.8080685 1.8029766 2.3931598 2.3925163 2.3469875 2.7021893 2.7079116 2.7021893 1.7427447 1.7454210 1.5663225 2.5139558 1.5773194 1.3112685 
XM_029619285.1 1.0264466 1.2305276 1.5664603 0.9332801 0.6710815 0.6839536 0.7666148 0.7641432 0.5377038 0.3467435 0.4832564 0.4471271 1.2165205 1.4622116 1.4399747 1.6867026 0.0000000 0.0317243 0.0019034 0.0091342 0.0092010 0.0096935 1.7189076 1.7019203 1.6729174 1.5280456 1.4792838 1.6390720 1.7933984 1.7794350 1.7794350 1.3720565 1.7797897 1.8489289 1.8489289 1.8080892 1.7878276 1.2049690 1.8469104 1.8669006 1.8714198 1.8513942 1.1432269 1.5046539 1.4764015 1.7015315 1.5690830 1.5892563 1.5892563 1.6128707 1.6128707 1.8282675 1.5512831 1.6219556 1.6219556 1.5748339 1.5748339 1.5475317 1.5166959 1.5643337 1.5460507 1.5359026 1.6917024 1.6728658 1.6917024 1.5450793 1.5601845 1.5504244 1.6009404 1.5489989 1.2841781 
XM_029619284.1 0.9904227 1.4353471 1.7763391 0.9721594 0.7075706 0.7317469 0.7965149 0.7940671 0.5404358 0.4097353 0.5606898 0.4759110 1.2214319 1.4908894 1.4201509 1.8900730 0.0317243 0.0000000 0.0033449 0.0150105 0.0151210 0.0159363 1.8137023 1.8676367 1.7368494 1.5793048 1.4792838 1.8059799 1.9378312 1.9034663 1.9034663 1.3720565 1.9335737 1.9407413 1.9407413 1.8317910 1.8118129 1.2049690 2.0428498 2.0636312 2.0683926 2.0475748 1.1432269 1.5046539 1.4764015 1.7610748 1.6665054 1.7116498 1.7051560 1.7202739 1.7324704 1.8594251 1.6478391 1.7611978 1.7735863 1.6866604 1.6804928 1.6913244 1.6565164 2.0943508 2.0736626 1.6856724 1.8442979 1.8248474 1.8442979 1.5435912 1.5572178 1.6740707 1.8045163 1.5489989 1.2841781 
XM_029619283.1 0.9437411 0.9558527 1.2815122 0.9065214 0.5884084 0.5915394 0.5878661 0.5854204 0.3512892 0.3489312 0.3608844 0.3522740 1.2098776 1.3669747 1.3605096 1.4034797 0.0019034 0.0033449 0.0000000 0.0028553 0.0028759 0.0030283 1.6874494 1.6478161 1.6120458 1.5326660 1.4792838 1.5984648 1.6056021 1.6047490 1.6047490 1.3720565 1.6776875 1.6752065 1.6752065 1.6087740 1.5894839 1.2049690 1.6174206 1.6368035 1.6411073 1.6216883 1.1432269 1.5046539 1.4764015 1.4732562 1.4732562 1.4732562 1.4732562 1.5399001 1.5399001 1.5206484 1.5045103 1.5042255 1.5042255 1.5082071 1.5082071 1.5368557 1.5056513 1.5315297 1.5131818 1.4982777 1.5428748 1.5241828 1.5428748 1.4930412 1.5080404 1.4871545 1.5265698 1.5489989 1.2841781 
XM_029619279.1 0.9768339 1.0726494 1.4005506 0.9177509 0.6329278 0.6340382 0.6442926 0.6418495 0.3822993 0.3562679 0.4206071 0.3775270 1.2098776 1.3677886 1.3605096 1.5343308 0.0091342 0.0150105 0.0028553 0.0000000 0.0000010 0.0000010 1.7135966 1.7195989 1.6554379 1.5326660 1.4792838 1.6351887 1.6892432 1.6749931 1.6749931 1.3720565 1.7258416 1.7230709 1.7230709 1.7125410 1.6929070 1.2049690 1.7287347 1.7483161 1.7527037 1.7330868 1.1432269 1.5046539 1.4764015 1.5748376 1.5293765 1.5250177 1.5250177 1.6058861 1.6058861 1.6346921 1.5561591 1.5690930 1.5690930 1.5731642 1.5731642 1.5662049 1.5343735 1.5915858 1.5730282 1.5584474 1.5995155 1.5807699 1.5995155 1.4898897 1.5048530 1.5524438 1.5829102 1.5489989 1.2841781 
XM_029619281.1 0.9806975 1.0772524 1.4087462 0.9164406 0.6420716 0.6432318 0.6535793 0.6511101 0.3865840 0.3605614 0.4252418 0.3817222 1.2179485 1.3749282 1.3675982 1.5430974 0.0092010 0.0151210 0.0028759 0.0000010 0.0000000 0.0000010 1.7309925 1.7370720 1.6721162 1.5575392 1.4878752 1.6512205 1.7057940 1.6897268 1.6897268 1.3857364 1.7427121 1.7399360 1.7399360 1.7251071 1.7052023 1.2126650 1.7413358 1.7611857 1.7656382 1.7457519 1.1601245 1.5149895 1.4900751 1.5895430 1.5434784 1.5390656 1.5390656 1.6212307 1.6212307 1.6504336 1.5709127 1.5839866 1.5839866 1.5877848 1.5877848 1.5810785 1.5485460 1.6063442 1.5875310 1.5728682 1.6145765 1.5955710 1.6145765 1.5038666 1.5190393 1.5677710 1.5978739 1.5652365 1.2920613 
XM_029619282.1 1.0587946 1.1582449 1.5217476 1.0012295 0.6875359 0.6889937 0.7000005 0.6973544 0.4252582 0.3999883 0.4666235 0.4196722 1.3565928 1.4821001 1.4744133 1.6658529 0.0096935 0.0159363 0.0030283 0.0000010 0.0000010 0.0000000 1.8390958 1.8457220 1.7750056 1.6515184 1.5885580 1.7680018 1.8264643 1.8104456 1.8104456 1.4744713 1.8593617 1.8634111 1.8634111 1.8443625 1.8223624 1.3028696 1.8603883 1.8823152 1.8872799 1.8653103 1.2305334 1.6321401 1.5767738 1.6847909 1.6343033 1.6294925 1.6294925 1.7211211 1.7211211 1.7532470 1.6664406 1.6805525 1.6805525 1.6824258 1.6824258 1.6774854 1.6398791 1.7020227 1.6813409 1.6660467 1.7192402 1.6982593 1.7192402 1.6002697 1.6170367 1.6664946 1.6951337 1.6715559 1.3795573 
XM_063454705.1 1.0620278 1.1962683 1.4070044 1.0555039 1.8687274 1.8539837 1.8675968 1.8630320 1.3205179 1.2853373 1.3141915 1.3180427 1.4067942 1.5824734 1.5211033 1.7055488 1.7189076 1.8137023 1.6874494 1.7135966 1.7309925 1.8390958 0.0000000 0.0141214 0.0131213 0.5029775 0.7027282 0.8991901 0.8991901 0.9883117 0.9883117 0.8165722 0.9740423 0.9733218 0.9733218 0.8119784 0.8158568 0.5455337 0.9140714 0.9132737 0.9159544 0.9167592 0.4891317 0.8221922 0.7863320 0.8562725 0.8562725 0.8562725 0.8501252 0.8746832 0.8841630 0.8351268 0.8225628 0.8443306 0.8537342 0.8766191 0.8707272 0.8475543 0.8468710 0.9053920 0.9028274 0.8702240 0.8961828 0.8969375 0.8961828 0.8105705 0.8074308 0.9137608 0.8934002 0.8674907 0.7627903 
XM_063454707.1 1.1007131 1.3216237 1.5343503 1.0790061 1.9320620 1.9271277 1.9445043 1.9398488 1.4556942 1.3179394 1.4699531 1.3598529 1.3695737 1.5454239 1.4875440 1.8293671 1.7019203 1.8676367 1.6478161 1.7195989 1.7370720 1.8457220 0.0141214 0.0000000 0.0000010 0.4804554 0.7027282 0.9356226 0.9356226 1.0346884 1.0346884 0.8165722 1.0011727 1.0134508 1.0134508 0.9460850 0.9505376 0.5455337 1.0390276 1.0342645 1.0370984 1.0418770 0.4891317 0.8221922 0.7863320 0.9317641 0.9317641 0.9317641 0.9257299 1.0024527 1.0119934 0.9672852 0.9541574 0.9227611 0.9321706 0.9906792 0.9890311 0.8917591 0.8910689 0.9576303 0.9585621 0.9367676 0.9928366 0.9974517 0.9928366 0.8597790 0.8557174 0.9261669 0.9792523 0.8674907 0.7627903 
XM_063454706.1 1.0614666 1.1622803 1.3748863 1.0614441 1.8415162 1.8444028 1.8404859 1.8359492 1.2916727 1.2657929 1.3020675 1.2889339 1.3726835 1.5480813 1.4900342 1.6497371 1.6729174 1.7368494 1.6120458 1.6554379 1.6721162 1.7750056 0.0131213 0.0000010 0.0000000 0.4693609 0.7027282 0.8552298 0.8552298 0.9278798 0.9278798 0.8165722 0.8975717 0.9002145 0.9002145 0.8026744 0.8034093 0.5455337 0.8884985 0.8884985 0.8911581 0.8911581 0.4891317 0.8221922 0.7863320 0.8387138 0.8387138 0.8387138 0.8326261 0.8536986 0.8630311 0.8366593 0.8240346 0.8259992 0.8353091 0.8457938 0.8440423 0.8277618 0.8270815 0.8639336 0.8639336 0.8422021 0.8889277 0.8889277 0.8889277 0.8105705 0.8098305 0.8881827 0.8640794 0.8674907 0.7627903 
XM_053457089.1 1.1020354 1.1201430 1.5334637 1.0478321 1.7085985 1.7085985 1.7085985 1.7043091 1.2080250 1.1802098 1.2080250 1.2080250 1.3891699 1.6181453 1.6295178 1.6696436 1.5280456 1.5793048 1.5326660 1.5326660 1.5575392 1.6515184 0.5029775 0.4804554 0.4693609 0.0000000 0.7198618 0.9264496 0.9264496 0.9798153 0.9798153 0.8037838 0.8882559 0.8918516 0.8918516 0.8534841 0.8442679 0.5604271 0.8810529 0.8935673 0.8961200 0.8835876 0.4858957 0.8869627 0.8494224 0.8191750 0.8191750 0.8191750 0.8133300 0.7948191 0.8006315 0.7944814 0.7952306 0.8108560 0.8166953 0.8124957 0.8035710 0.8032639 0.8057468 0.8367462 0.8277501 0.8101497 0.8962869 0.8835395 0.8962869 0.8757981 0.8827191 0.8115917 0.8921093 0.9115678 0.7468601 
XM_063913646.1 1.1814452 1.1495474 1.6684732 1.1735328 1.7967412 1.7967412 1.7967412 1.7923174 1.2490810 1.2559048 1.2490810 1.2490810 1.3549279 1.5128640 1.5128640 1.5128640 1.4792838 1.4792838 1.4792838 1.4792838 1.4878752 1.5885580 0.7027282 0.7027282 0.7027282 0.7198618 0.0000000 0.7448605 0.7448605 0.8601766 0.8601766 0.4029344 0.7959526 0.7815816 0.7815816 1.3167567 1.3167567 0.6082755 1.3138567 1.3138567 1.3167567 1.3167567 0.5407422 0.6328674 0.6039598 0.6197027 0.6197027 0.6197027 0.6197027 0.5570665 0.5570665 0.5570665 0.5570665 0.5570665 0.5570665 0.6197027 0.6197027 0.5570665 0.6197027 0.6197027 0.6197027 0.6197027 0.7655981 0.7655981 0.7655981 0.7655981 0.7655981 0.3271486 0.6231301 0.8212364 0.3502995 
XM_068239781.1 1.1972789 1.6576716 2.1142000 1.1804428 1.9001588 1.9125596 1.9335066 1.9289174 1.4904624 1.3344016 1.5808270 1.3384348 1.1963662 1.5671856 1.5198573 2.0733733 1.6390720 1.8059799 1.5984648 1.6351887 1.6512205 1.7680018 0.8991901 0.9356226 0.8552298 0.9264496 0.7448605 0.0000000 0.0083891 0.5619934 0.5619934 0.2595499 0.6143654 0.6520944 0.6520944 1.7443773 1.7443773 0.6287804 1.9934818 1.9934818 1.9972763 1.9972763 0.5533197 0.9992970 0.8991597 1.1125338 1.1022125 1.1181390 1.1127759 1.0213374 1.0268767 1.0003575 0.9247938 0.9485003 0.9539590 1.1620553 1.1504372 0.9128294 1.0606987 1.3090769 1.3090769 1.2454924 1.2064030 1.2064030 1.2064030 1.0384142 1.0376520 0.7374975 1.0788753 1.1526297 0.5600950 
XM_068239771.1 1.4491005 2.2283861 2.6844148 1.2495053 2.0068404 2.0356257 2.1991904 2.1943536 1.8338180 1.3782209 1.8150269 1.4550015 1.2265999 1.7573263 1.6408547 2.7222430 1.7933984 1.9378312 1.6056021 1.6892432 1.7057940 1.8264643 0.8991901 0.9356226 0.8552298 0.9264496 0.7448605 0.0083891 0.0000000 0.5238163 0.5238163 0.2595499 0.5900418 0.6127477 0.6127477 1.8462353 1.8462353 0.6287804 2.1437144 2.1437144 2.1474878 2.1474878 0.5533197 0.9992970 0.8991597 1.2726085 1.1371396 1.1806205 1.1753255 1.0937294 1.0992774 1.2888727 0.9247938 1.0232235 1.0286273 1.2364621 1.2246839 0.9486501 1.0909294 1.3796235 1.3796235 1.3152979 1.3461365 1.3461365 1.3461365 1.1272365 1.1264245 0.7374975 1.1979421 1.1526297 0.5600950 
XM_072415328.1 1.5414573 2.4388898 2.8151974 1.3969922 2.0924557 2.1789305 2.2729358 2.2680285 1.8466464 1.4533792 1.8472695 1.5030178 1.3725607 1.7348643 1.7082324 2.9255637 1.7794350 1.9034663 1.6047490 1.6749931 1.6897268 1.8104456 0.9883117 1.0346884 0.9278798 0.9798153 0.8601766 0.5619934 0.5238163 0.0000000 0.0000010 0.1220598 0.2683612 0.2938680 0.2925837 1.8676715 1.8567970 0.6162737 2.4176059 2.4340785 2.4379603 2.4214662 0.5556748 0.8889133 0.7858472 1.2259510 1.0990751 1.1503091 1.1419737 1.1024711 1.1112773 1.4129107 0.9272354 1.0532537 1.0618653 1.1795240 1.1679593 0.9255436 1.0051800 1.2974703 1.2885757 1.2262182 1.3739454 1.3623233 1.3739454 1.1045376 1.1131517 0.6650318 1.2548393 1.0562551 0.4775263 
XM_072415330.1 1.5414573 2.4388898 2.8151974 1.3969922 2.0924557 2.1789305 2.2729358 2.2680285 1.8466464 1.4533792 1.8472695 1.5030178 1.3725607 1.7348643 1.7082324 2.9255637 1.7794350 1.9034663 1.6047490 1.6749931 1.6897268 1.8104456 0.9883117 1.0346884 0.9278798 0.9798153 0.8601766 0.5619934 0.5238163 0.0000010 0.0000000 0.1220598 0.2683612 0.2938680 0.2925837 1.8676715 1.8567970 0.6162737 2.4176059 2.4340785 2.4379603 2.4214662 0.5556748 0.8889133 0.7858472 1.2259510 1.0990751 1.1503091 1.1419737 1.1024711 1.1112773 1.4129107 0.9272354 1.0532537 1.0618653 1.1795240 1.1679593 0.9255436 1.0051800 1.2974703 1.2885757 1.2262182 1.3739454 1.3623233 1.3739454 1.1045376 1.1131517 0.6650318 1.2548393 1.0562551 0.4775263 
XM_018560752.1 1.0987219 1.0607130 1.1072975 1.1424490 1.5549217 1.5549217 1.5549217 1.5505026 1.2479142 1.2682126 1.2479142 1.2479142 1.2496725 1.2861205 1.2861205 1.2861205 1.3720565 1.3720565 1.3720565 1.3720565 1.3857364 1.4744713 0.8165722 0.8165722 0.8165722 0.8037838 0.4029344 0.2595499 0.2595499 0.1220598 0.1220598 0.0000000 0.0975974 0.0878901 0.0878901 0.8475440 0.8475440 0.6627298 0.8446376 0.8446376 0.8475440 0.8475440 0.5814991 0.5591192 0.4811891 0.5195952 0.5195952 0.5195952 0.5195952 0.5198526 0.5198526 0.5198526 0.5198526 0.5198526 0.5198526 0.5195952 0.5195952 0.5198526 0.5195952 0.5195952 0.5195952 0.5195952 0.5293297 0.5293297 0.5293297 0.5293297 0.5293297 0.5160539 0.5218555 0.5259643 0.4469494 
XM_073630315.1 1.4103498 2.0858042 2.6021785 1.2826369 1.9382398 1.9675743 2.0907872 2.0861129 1.7526954 1.5019122 1.8138925 1.5056659 1.3120661 1.5829892 1.5239735 2.3879478 1.7797897 1.9335737 1.6776875 1.7258416 1.7427121 1.8593617 0.9740423 1.0011727 0.8975717 0.8882559 0.7959526 0.6143654 0.5900418 0.2683612 0.2683612 0.0975974 0.0000000 0.0256589 0.0256589 2.0130889 2.0008984 0.6598823 2.2454426 2.2577364 2.2615733 2.2492630 0.5525550 0.9861559 1.0256715 1.3303657 1.2519824 1.2862617 1.2809024 1.1078475 1.1133226 1.2658976 1.0017007 1.0931427 1.0985773 1.2875048 1.2755550 0.9661627 1.1447599 1.3924155 1.3832278 1.3340059 1.4321368 1.4232456 1.4321368 1.2156109 1.2213414 0.6322898 1.2727741 1.2797188 0.4723594 
XM_040351911.1 1.4882986 2.2078617 2.6622166 1.3371293 1.9295938 1.9679736 2.0925336 2.0878379 1.8113947 1.4878777 1.8137362 1.4720272 1.3131155 1.6693717 1.5964645 2.6395337 1.8489289 1.9407413 1.6752065 1.7230709 1.7399360 1.8634111 0.9733218 1.0134508 0.9002145 0.8918516 0.7815816 0.6520944 0.6127477 0.2938680 0.2938680 0.0878901 0.0256589 0.0000000 0.0000010 2.0354711 2.0232213 0.6603685 2.4936348 2.5064988 2.5105701 2.4976890 0.5492631 1.0014900 0.9747864 1.3763522 1.2720125 1.3186998 1.3132858 1.1480229 1.1535734 1.4057820 0.9827352 1.1175336 1.1230279 1.3367554 1.3245558 0.9771762 1.1600668 1.4084405 1.3990921 1.3491365 1.5124755 1.5034259 1.5124755 1.2867701 1.2926104 0.6160417 1.2051621 1.2335079 0.4518479 
XM_040351912.1 1.4882986 2.2078617 2.6622166 1.3371293 1.9295938 1.9679736 2.0925336 2.0878379 1.8113947 1.4878777 1.8137362 1.4720272 1.3131155 1.6693717 1.5964645 2.6395337 1.8489289 1.9407413 1.6752065 1.7230709 1.7399360 1.8634111 0.9733218 1.0134508 0.9002145 0.8918516 0.7815816 0.6520944 0.6127477 0.2925837 0.2925837 0.0878901 0.0256589 0.0000010 0.0000000 2.0354711 2.0232213 0.6603685 2.4913254 2.5041870 2.5082570 2.4953783 0.5492631 1.0014900 0.9747864 1.3763522 1.2720125 1.3186998 1.3132858 1.1480229 1.1535734 1.4057820 0.9827352 1.1175336 1.1230279 1.3367554 1.3245558 0.9771762 1.1600668 1.4084405 1.3990921 1.3491365 1.5124755 1.5034259 1.5124755 1.2867701 1.2926104 0.6160417 1.2051621 1.2335079 0.4518479 
XM_031900991.1 1.3862156 1.9358877 2.6649162 1.2808334 2.1904505 2.1898398 2.2814042 2.2763115 1.7407211 1.3914846 1.7837283 1.4153938 1.3228922 1.6347821 1.6300639 2.2831052 1.8080892 1.8317910 1.6087740 1.7125410 1.7251071 1.8443625 0.8119784 0.9460850 0.8026744 0.8534841 1.3167567 1.7443773 1.8462353 1.8676715 1.8676715 0.8475440 2.0130889 2.0354711 2.0354711 0.0000000 0.0000010 0.0305771 0.0651234 0.0655424 0.0653093 0.0648918 0.4927298 1.4194345 1.4215164 1.4739081 1.4231185 1.4658465 1.4658465 1.3449592 1.3449592 1.4477993 1.2517974 1.3049167 1.3049167 1.5101042 1.5101042 1.2782875 1.4465166 1.5589078 1.5575306 1.5506368 1.8062732 1.8178956 1.8152323 1.5383322 1.5322564 0.8976645 1.5572005 1.5741847 0.7713672 
XM_031900994.1 1.3886726 1.9398981 2.6711864 1.2808334 2.1904505 2.1898398 2.2814042 2.2763115 1.7407211 1.3914846 1.7837283 1.4153938 1.3257579 1.6377252 1.6329700 2.2880163 1.7878276 1.8118129 1.5894839 1.6929070 1.7052023 1.8223624 0.8158568 0.9505376 0.8034093 0.8442679 1.3167567 1.7443773 1.8462353 1.8567970 1.8567970 0.8475440 2.0008984 2.0232213 2.0232213 0.0000010 0.0000000 0.0305771 0.0651484 0.0656735 0.0654395 0.0649166 0.4927298 1.4194345 1.4215164 1.4739081 1.4231185 1.4658465 1.4658465 1.3449592 1.3449592 1.4477993 1.2517974 1.3049167 1.3049167 1.5101042 1.5101042 1.2782875 1.4465166 1.5614675 1.5586863 1.5506368 1.8133128 1.8192673 1.8222998 1.5383322 1.5372141 0.8984512 1.5584597 1.5741847 0.7713672 
NM_001198768.1 0.9662970 1.0395164 1.0395164 0.9476778 1.2861791 1.2861791 1.2861791 1.2823979 1.2585024 1.2511384 1.2585024 1.2585024 1.0449803 1.0358245 1.0358245 1.0358245 1.2049690 1.2049690 1.2049690 1.2049690 1.2126650 1.3028696 0.5455337 0.5455337 0.5455337 0.5604271 0.6082755 0.6287804 0.6287804 0.6162737 0.6162737 0.6627298 0.6598823 0.6603685 0.6603685 0.0305771 0.0305771 0.0000000 0.0307798 0.0307798 0.0305771 0.0305771 0.6104379 0.7029988 0.6445054 0.6866524 0.6866524 0.6866524 0.6866524 0.7108988 0.7108988 0.7108988 0.7108988 0.7108988 0.7108988 0.6866524 0.6866524 0.7108988 0.6866524 0.6866524 0.6866524 0.6866524 0.6675894 0.6798058 0.6798058 0.6798058 0.6798058 0.6755153 0.7107066 0.7478609 0.7523762 
XM_012963920.2 1.5803523 2.8445724 3.6019533 1.4488996 2.2041155 2.2409267 2.3745979 2.3695244 2.0535036 1.4665515 1.9381842 1.5452457 1.3445500 1.9337345 1.8248609 3.2321569 1.8469104 2.0428498 1.6174206 1.7287347 1.7413358 1.8603883 0.9140714 1.0390276 0.8884985 0.8810529 1.3138567 1.9934818 2.1437144 2.4176059 2.4176059 0.8446376 2.2454426 2.4936348 2.4913254 0.0651234 0.0651484 0.0307798 0.0000000 0.0000010 0.0000010 0.0000010 0.4898220 1.4194345 1.4240400 1.7305938 1.5551535 1.6579263 1.6559217 1.5659953 1.5675914 1.8719186 1.3322918 1.4854962 1.4871810 1.6928284 1.6913152 1.3653389 1.5265113 1.8541681 1.8541681 1.8002228 2.1230115 2.1214853 2.1214853 1.6078437 1.6088844 0.9911006 1.7857123 1.5741847 0.7682573 
XM_012963909.2 1.5773019 2.8377446 3.5926683 1.4488996 2.2041155 2.2409267 2.3745979 2.3695244 2.0535036 1.4665515 1.9381842 1.5452457 1.3416081 1.9298584 1.8213853 3.2242698 1.8669006 2.0636312 1.6368035 1.7483161 1.7611857 1.8823152 0.9132737 1.0342645 0.8884985 0.8935673 1.3138567 1.9934818 2.1437144 2.4340785 2.4340785 0.8446376 2.2577364 2.5064988 2.5041870 0.0655424 0.0656735 0.0307798 0.0000010 0.0000000 0.0000010 0.0000010 0.4898220 1.4194345 1.4240400 1.7305938 1.5551535 1.6579263 1.6559217 1.5659953 1.5675914 1.8719186 1.3322918 1.4854962 1.4871810 1.6928284 1.6913152 1.3653389 1.5265113 1.8507764 1.8541681 1.8002228 2.1151933 2.1214853 2.1136773 1.6078437 1.6049709 0.9900162 1.7857123 1.5741847 0.7682573 
XM_031900984.1 1.5821653 2.8439916 3.5998730 1.4488996 2.2095647 2.2465058 2.3802371 2.3751532 2.0590002 1.4715435 1.9434578 1.5499936 1.3472977 1.9348478 1.8261299 3.2308413 1.8714198 2.0683926 1.6411073 1.7527037 1.7656382 1.8872799 0.9159544 1.0370984 0.8911581 0.8961200 1.3167567 1.9972763 2.1474878 2.4379603 2.4379603 0.8475440 2.2615733 2.5105701 2.5082570 0.0653093 0.0654395 0.0305771 0.0000010 0.0000010 0.0000000 0.0000010 0.4927298 1.4194345 1.4215164 1.7337205 1.5581071 1.6609611 1.6589571 1.5691551 1.5707479 1.8754022 1.3352310 1.4885329 1.4902148 1.6959224 1.6944120 1.3683025 1.5294610 1.8539999 1.8574033 1.8034170 2.1185923 2.1349821 2.1271224 1.6211455 1.6182304 0.9928408 1.7890621 1.5741847 0.7713672 
XM_031900987.1 1.5852342 2.8508460 3.6091909 1.4488996 2.2095647 2.2465058 2.3802371 2.3751532 2.0590002 1.4715435 1.9434578 1.5499936 1.3502657 1.9387425 1.8296227 3.2387569 1.8513942 2.0475748 1.6216883 1.7330868 1.7457519 1.8653103 0.9167592 1.0418770 0.8911581 0.8835876 1.3167567 1.9972763 2.1474878 2.4214662 2.4214662 0.8475440 2.2492630 2.4976890 2.4953783 0.0648918 0.0649166 0.0305771 0.0000010 0.0000010 0.0000010 0.0000000 0.4927298 1.4194345 1.4215164 1.7337205 1.5581071 1.6609611 1.6589571 1.5691551 1.5707479 1.8754022 1.3352310 1.4885329 1.4902148 1.6959224 1.6944120 1.3683025 1.5294610 1.8574033 1.8574033 1.8034170 2.1264274 2.1349821 2.1349821 1.6211455 1.6221767 0.9939353 1.7890621 1.5741847 0.7713672 
XM_053702156.1 0.9940540 0.9725629 0.9725629 0.9945934 1.0654592 1.0654592 1.0654592 1.0615626 1.1353729 1.1280706 1.1353729 1.1353729 0.9267915 0.9604612 0.9604612 0.9604612 1.1432269 1.1432269 1.1432269 1.1432269 1.1601245 1.2305334 0.4891317 0.4891317 0.4891317 0.4858957 0.5407422 0.5533197 0.5533197 0.5556748 0.5556748 0.5814991 0.5525550 0.5492631 0.5492631 0.4927298 0.4927298 0.6104379 0.4898220 0.4898220 0.4927298 0.4927298 0.0000000 0.5859516 0.5746754 0.5773195 0.5773195 0.5773195 0.5773195 0.5774140 0.5774140 0.5774140 0.5774140 0.5774140 0.5774140 0.5773195 0.5773195 0.5774140 0.5773195 0.5773195 0.5773195 0.5773195 0.6034996 0.6034996 0.6034996 0.6034996 0.6034996 0.5520880 0.5671200 0.5583850 0.5505852 
XM_069964116.1 1.1683872 1.1467785 1.6961456 1.1815549 1.6999918 1.6999918 1.6999918 1.6953939 1.2179809 1.2179809 1.2179809 1.2179809 1.3316656 1.4484523 1.4484523 1.4484523 1.5046539 1.5046539 1.5046539 1.5046539 1.5149895 1.6321401 0.8221922 0.8221922 0.8221922 0.8869627 0.6328674 0.9992970 0.9992970 0.8889133 0.8889133 0.5591192 0.9861559 1.0014900 1.0014900 1.4194345 1.4194345 0.7029988 1.4194345 1.4194345 1.4194345 1.4194345 0.5859516 0.0000000 0.1772381 0.2588221 0.2588221 0.2588221 0.2588221 0.2113873 0.2113873 0.2113873 0.2113873 0.2113873 0.2113873 0.2588221 0.2588221 0.2113873 0.2588221 0.2588221 0.2588221 0.2588221 0.4042066 0.4042066 0.4042066 0.4042066 0.4042066 0.1400007 0.2418242 0.4197320 0.1652469 
XM_056528766.1 1.1732792 1.1461343 1.8058321 1.1878349 1.7473101 1.7473101 1.7473101 1.7429850 1.2930543 1.2912526 1.2930543 1.2930543 1.2446851 1.3794058 1.3794058 1.3794058 1.4764015 1.4764015 1.4764015 1.4764015 1.4900751 1.5767738 0.7863320 0.7863320 0.7863320 0.8494224 0.6039598 0.8991597 0.8991597 0.7858472 0.7858472 0.4811891 1.0256715 0.9747864 0.9747864 1.4215164 1.4215164 0.6445054 1.4240400 1.4240400 1.4215164 1.4215164 0.5746754 0.1772381 0.0000000 0.2439975 0.2439975 0.2439975 0.2439975 0.2133398 0.2133398 0.2133398 0.2133398 0.2133398 0.2133398 0.2439975 0.2439975 0.2133398 0.2439975 0.2439975 0.2439975 0.2439975 0.3853159 0.3924411 0.3924411 0.3924411 0.3924411 0.1341805 0.2566835 0.4499807 0.1545464 
XM_044275311.1 1.2612700 1.8764252 2.3897450 1.2672512 1.9253900 1.8654283 2.0059015 2.0013663 1.5238970 1.2575249 1.4930873 1.3813414 1.2813149 1.6055696 1.5410804 2.1445655 1.7015315 1.7610748 1.4732562 1.5748376 1.5895430 1.6847909 0.8562725 0.9317641 0.8387138 0.8191750 0.6197027 1.1125338 1.2726085 1.2259510 1.2259510 0.5195952 1.3303657 1.3763522 1.3763522 1.4739081 1.4739081 0.6866524 1.7305938 1.7305938 1.7337205 1.7337205 0.5773195 0.2588221 0.2439975 0.0000000 0.0050920 0.0193325 0.0193690 0.0704809 0.0710310 0.0832675 0.0357079 0.0403893 0.0408607 0.0468504 0.0447642 0.0419304 0.0269054 0.0621651 0.0621651 0.0603301 0.6771315 0.6771315 0.6771315 0.4566656 0.4583155 0.2152476 0.4653766 0.4419939 0.1705460 
XM_044275313.1 1.2131438 1.6074336 2.1151095 1.2284259 1.8362131 1.8030419 1.8388842 1.8345266 1.4266389 1.2575249 1.4354818 1.3181277 1.2800896 1.5677887 1.4860917 1.8732267 1.5690830 1.6665054 1.4732562 1.5293765 1.5434784 1.6343033 0.8562725 0.9317641 0.8387138 0.8191750 0.6197027 1.1022125 1.1371396 1.0990751 1.0990751 0.5195952 1.2519824 1.2720125 1.2720125 1.4231185 1.4231185 0.6866524 1.5551535 1.5551535 1.5581071 1.5581071 0.5773195 0.2588221 0.2439975 0.0050920 0.0000000 0.0047092 0.0047177 0.0451465 0.0456476 0.0549356 0.0357079 0.0214478 0.0218856 0.0330569 0.0311580 0.0311363 0.0184596 0.0383053 0.0383053 0.0367561 0.5816212 0.5816212 0.5816212 0.4417501 0.4433947 0.2152476 0.4089731 0.4419939 0.1705460 
XM_044275310.1 1.2519782 1.7599243 2.2661089 1.2718873 1.8587547 1.8430869 1.8892283 1.8848298 1.4738209 1.2575249 1.4623214 1.3729577 1.2736835 1.5784066 1.5379176 2.0599979 1.5892563 1.7116498 1.4732562 1.5250177 1.5390656 1.6294925 0.8562725 0.9317641 0.8387138 0.8191750 0.6197027 1.1181390 1.1806205 1.1503091 1.1503091 0.5195952 1.2862617 1.3186998 1.3186998 1.4658465 1.4658465 0.6866524 1.6579263 1.6579263 1.6609611 1.6609611 0.5773195 0.2588221 0.2439975 0.0193325 0.0047092 0.0000000 0.0000010 0.0666552 0.0671892 0.0763934 0.0357079 0.0159016 0.0163155 0.0447030 0.0426701 0.0373895 0.0232103 0.0612107 0.0612107 0.0593966 0.6360514 0.6360514 0.6360514 0.4655744 0.4672343 0.2152476 0.4463071 0.4419939 0.1705460 
XM_044275314.1 1.2519782 1.7504656 2.2564583 1.2718873 1.8587547 1.8430869 1.8892283 1.8848298 1.4738209 1.2575249 1.4623214 1.3729577 1.2736835 1.5698993 1.5379176 2.0514925 1.5892563 1.7051560 1.4732562 1.5250177 1.5390656 1.6294925 0.8501252 0.9257299 0.8326261 0.8133300 0.6197027 1.1127759 1.1753255 1.1419737 1.1419737 0.5195952 1.2809024 1.3132858 1.3132858 1.4658465 1.4658465 0.6866524 1.6559217 1.6559217 1.6589571 1.6589571 0.5773195 0.2588221 0.2439975 0.0193690 0.0047177 0.0000010 0.0000000 0.0666871 0.0673581 0.0764308 0.0357239 0.0159078 0.0163487 0.0442382 0.0422101 0.0373895 0.0232103 0.0593966 0.0593966 0.0593966 0.6319036 0.6319036 0.6319036 0.4655744 0.4672343 0.2104153 0.4418173 0.4419939 0.1705460 
XM_040416646.1 1.2965566 1.7276708 2.2177839 1.2930243 1.8953843 1.9157288 1.9671015 1.9625634 1.5150918 1.3099118 1.5402766 1.3930163 1.2964047 1.5476884 1.5048073 2.1754791 1.6128707 1.7202739 1.5399001 1.6058861 1.6212307 1.7211211 0.8746832 1.0024527 0.8536986 0.7948191 0.5570665 1.0213374 1.0937294 1.1024711 1.1024711 0.5198526 1.1078475 1.1480229 1.1480229 1.3449592 1.3449592 0.7108988 1.5659953 1.5659953 1.5691551 1.5691551 0.5774140 0.2113873 0.2133398 0.0704809 0.0451465 0.0666552 0.0666871 0.0000000 0.0000010 0.0646323 0.0283007 0.0538411 0.0538411 0.0140688 0.0127972 0.0288475 0.0405835 0.0724047 0.0724047 0.0724403 0.5993238 0.5993238 0.5993238 0.4311228 0.4328378 0.2173701 0.4868766 0.3297867 0.1674386 
XM_040416643.1 1.2965566 1.7359647 2.2257751 1.2930243 1.8953843 1.9157288 1.9671015 1.9625634 1.5150918 1.3099118 1.5402766 1.3930163 1.2964047 1.5555182 1.5048073 2.1829411 1.6128707 1.7324704 1.5399001 1.6058861 1.6212307 1.7211211 0.8841630 1.0119934 0.8630311 0.8006315 0.5570665 1.0268767 1.0992774 1.1112773 1.1112773 0.5198526 1.1133226 1.1535734 1.1535734 1.3449592 1.3449592 0.7108988 1.5675914 1.5675914 1.5707479 1.5707479 0.5774140 0.2113873 0.2133398 0.0710310 0.0456476 0.0671892 0.0673581 0.0000010 0.0000000 0.0646323 0.0283007 0.0538411 0.0537128 0.0149142 0.0132076 0.0288475 0.0405835 0.0751927 0.0751927 0.0730237 0.6037855 0.6037855 0.6037855 0.4311228 0.4328378 0.2219109 0.4913194 0.3297867 0.1674386 
XM_040416640.1 1.6106492 2.4518032 2.9563542 1.3938192 1.9887700 1.9604140 2.1477277 2.1429769 1.8876209 1.3840472 1.8152320 1.4871295 1.3491701 1.7276692 1.7206869 2.8088300 1.8282675 1.8594251 1.5206484 1.6346921 1.6504336 1.7532470 0.8351268 0.9672852 0.8366593 0.7944814 0.5570665 1.0003575 1.2888727 1.4129107 1.4129107 0.5198526 1.2658976 1.4057820 1.4057820 1.4477993 1.4477993 0.7108988 1.8719186 1.8719186 1.8754022 1.8754022 0.5774140 0.2113873 0.2133398 0.0832675 0.0549356 0.0763934 0.0764308 0.0646323 0.0646323 0.0000000 0.0000010 0.0534857 0.0534857 0.0865265 0.0865265 0.0322785 0.0441314 0.1099467 0.1099467 0.1100057 0.8162138 0.8162138 0.8162138 0.4705658 0.4702228 0.1953938 0.6491594 0.3297867 0.1674386 
XM_040416644.1 1.2306342 1.4130807 1.9033282 1.2293372 1.8709616 1.8381552 1.8579058 1.8535048 1.4169766 1.2801004 1.4466815 1.2879374 1.2964047 1.5061514 1.4695641 1.7934915 1.5512831 1.6478391 1.5045103 1.5561591 1.5709127 1.6664406 0.8225628 0.9541574 0.8240346 0.7952306 0.5570665 0.9247938 0.9247938 0.9272354 0.9272354 0.5198526 1.0017007 0.9827352 0.9827352 1.2517974 1.2517974 0.7108988 1.3322918 1.3322918 1.3352310 1.3352310 0.5774140 0.2113873 0.2133398 0.0357079 0.0357079 0.0357079 0.0357239 0.0283007 0.0283007 0.0000010 0.0000000 0.0187486 0.0187486 0.0436190 0.0436190 0.0197359 0.0304972 0.0440653 0.0440653 0.0440861 0.4263481 0.4263481 0.4263481 0.3463192 0.3460510 0.1907163 0.3609125 0.3297867 0.1674386 
XM_040416642.1 1.2691375 1.7631267 2.2577463 1.2930184 1.8964749 1.8993486 1.9323403 1.9278813 1.5000868 1.2836407 1.4925941 1.3986981 1.2944451 1.5602629 1.5278402 2.0361240 1.6219556 1.7611978 1.5042255 1.5690930 1.5839866 1.6805525 0.8443306 0.9227611 0.8259992 0.8108560 0.5570665 0.9485003 1.0232235 1.0532537 1.0532537 0.5198526 1.0931427 1.1175336 1.1175336 1.3049167 1.3049167 0.7108988 1.4854962 1.4854962 1.4885329 1.4885329 0.5774140 0.2113873 0.2133398 0.0403893 0.0214478 0.0159016 0.0159078 0.0538411 0.0538411 0.0534857 0.0187486 0.0000000 0.0000010 0.0620820 0.0595513 0.0278651 0.0386984 0.0833286 0.0833286 0.0833712 0.5547884 0.5547884 0.5547884 0.3798848 0.3795980 0.2103650 0.4357339 0.3297867 0.1674386 
XM_040416641.1 1.2691375 1.7714980 2.2658111 1.2930184 1.8964749 1.8993486 1.9323403 1.9278813 1.5000868 1.2836407 1.4925941 1.3986981 1.2944451 1.5680528 1.5278402 2.0434561 1.6219556 1.7735863 1.5042255 1.5690930 1.5839866 1.6805525 0.8537342 0.9321706 0.8353091 0.8166953 0.5570665 0.9539590 1.0286273 1.0618653 1.0618653 0.5198526 1.0985773 1.1230279 1.1230279 1.3049167 1.3049167 0.7108988 1.4871810 1.4871810 1.4902148 1.4902148 0.5774140 0.2113873 0.2133398 0.0408607 0.0218856 0.0163155 0.0163487 0.0538411 0.0537128 0.0534857 0.0187486 0.0000010 0.0000000 0.0632942 0.0600996 0.0278651 0.0386984 0.0863352 0.0863352 0.0839890 0.5591974 0.5591974 0.5591974 0.3798848 0.3795980 0.2148697 0.4401952 0.3297867 0.1674386 
