29
XM_069225399.1 0.0000000 1.0510970 1.3173999 1.2787115 1.1649144 1.3817967 0.6397712 1.0921431 0.4772513 0.4730510 1.2796897 1.1839374 0.5985521 1.3136070 0.4486700 1.3899867 1.5128606 1.1127690 0.4697638 1.4814938 1.4704879 0.5759472 0.5738139 2.1613191 5.8810076 4.4086701 5.2852580 8.9999981 8.2649880 
XM_069616135.1 1.0510970 0.0000000 1.3490669 1.2287221 1.1070617 1.2545778 0.6469060 1.2294235 0.4469572 0.4361132 1.1336598 1.1510466 0.5983458 1.0614309 0.4120902 1.1750687 1.2891753 1.1037922 0.4218144 1.2855454 1.2517558 0.4771020 0.5164942 2.1376769 3.2881326 3.4706733 3.6372486 6.3105725 6.1422412 
XM_053471364.1 1.3173999 1.3490669 0.0000000 0.8580159 0.5836555 0.5212048 0.3319254 0.6213673 0.1950180 0.1934791 0.5663773 0.5112790 0.2779638 0.4669864 0.1750874 0.5034975 0.6542052 0.5539620 0.2029065 0.6640251 0.6726981 0.4601294 0.4389750 1.6243305 2.5353909 1.9832750 2.2257298 4.9325856 4.7646614 
XM_002935677.5 1.2787115 1.2287221 0.8580159 0.0000000 0.6596225 0.7895966 0.3717097 0.7293481 0.2228492 0.2139474 0.6684217 0.6403886 0.3749149 0.5741828 0.1895357 0.7079966 0.7403359 0.7495277 0.2338309 0.7544104 0.7979444 0.3952075 0.3863912 1.5527309 2.1293734 2.2638958 2.6046477 4.2860760 4.7076029 
XM_053690173.1 1.1649144 1.1070617 0.5836555 0.6596225 0.0000000 0.6584786 0.3757277 0.6139790 0.2336787 0.2280131 0.5276202 0.5176499 0.3368262 0.4742664 0.2384351 0.5159022 0.5690930 0.4257380 0.2464368 0.5670063 0.5573764 0.4301666 0.4264008 1.3620492 2.4773964 2.6250769 2.3623440 3.0663270 3.4505660 
XM_063428657.1 1.3817967 1.2545778 0.5212048 0.7895966 0.6584786 0.0000000 0.3156175 0.6097566 0.1727063 0.1712252 0.5995331 0.5663188 0.2981742 0.4758346 0.1634468 0.5655876 0.6831104 0.5579465 0.2023059 0.6752619 0.6921567 0.4111691 0.4081054 1.4582799 1.8968167 1.5552479 1.7976241 3.7010025 3.7213647 
XM_063932283.1 0.6397712 0.6469060 0.3319254 0.3717097 0.3757277 0.3156175 0.0000000 0.2613080 0.1298505 0.1255508 0.2326820 0.2105385 0.1883337 0.2077588 0.1215216 0.2014009 0.2302774 0.2410973 0.1575697 0.2757563 0.2614010 0.3758657 0.3974582 0.7811482 1.9723959 1.9673451 2.2391167 2.6421470 3.1477993 
XM_069985163.1 1.0921431 1.2294235 0.6213673 0.7293481 0.6139790 0.6097566 0.2613080 0.0000000 0.1067824 0.1040586 0.2358046 0.2177781 0.1780452 0.1911434 0.0656936 0.2109627 0.6331560 0.5208218 0.1572518 0.5783660 0.5733393 0.4139974 0.4030974 1.5155467 2.0723622 1.9767927 2.3822902 4.1555248 4.5402745 
XM_044272721.1 0.4772513 0.4469572 0.1950180 0.2228492 0.2336787 0.1727063 0.1298505 0.1067824 0.0000000 0.0055737 0.0970628 0.0784967 0.0864969 0.0892047 0.0770829 0.0706064 0.1441440 0.1497316 0.1604931 0.1414100 0.1272355 0.3704829 0.4013739 0.5786339 1.7790658 1.8846512 1.7415125 1.6997651 2.1054047 
XM_040440744.1 0.4730510 0.4361132 0.1934791 0.2139474 0.2280131 0.1712252 0.1255508 0.1040586 0.0055737 0.0000000 0.0902462 0.0719313 0.0798150 0.0850888 0.0757646 0.0666717 0.1423664 0.1481887 0.1556543 0.1367457 0.1227400 0.3580039 0.3884569 0.5651540 1.7157180 1.8141224 1.6718117 1.6469300 2.1559194 
XM_069733189.1 1.2796897 1.1336598 0.5663773 0.6684217 0.5276202 0.5995331 0.2326820 0.2358046 0.0970628 0.0902462 0.0000000 0.0612257 0.0401837 0.1941897 0.0809357 0.1896432 0.6327583 0.4619909 0.1460205 0.6235211 0.6152233 0.3913762 0.3815883 1.5805390 2.1824239 2.3267988 2.5891030 5.3779691 5.3663057 
XM_073645657.1 1.1839374 1.1510466 0.5112790 0.6403886 0.5176499 0.5663188 0.2105385 0.2177781 0.0784967 0.0719313 0.0612257 0.0000000 0.0293766 0.1854324 0.0615579 0.1725684 0.5579597 0.4222592 0.1327746 0.5242057 0.5174149 0.4071702 0.3973392 1.5050495 2.1806805 2.3152551 2.4451788 5.4321920 5.5731480 
XM_073577619.1 0.5985521 0.5983458 0.2779638 0.3749149 0.3368262 0.2981742 0.1883337 0.1780452 0.0864969 0.0798150 0.0401837 0.0293766 0.0000000 0.1196155 0.0719216 0.1006578 0.2239261 0.2346903 0.1372278 0.2220801 0.2128529 0.3695417 0.3978919 0.8390162 2.1149826 2.2053043 2.0257845 3.5893915 4.0318565 
XM_072121657.1 1.3136070 1.0614309 0.4669864 0.5741828 0.4742664 0.4758346 0.2077588 0.1911434 0.0892047 0.0850888 0.1941897 0.1854324 0.1196155 0.0000000 0.0720769 0.1343955 0.5263138 0.3857269 0.1680742 0.5602811 0.5956020 0.4124007 0.3947795 1.3103529 1.7806084 2.1775338 1.9115397 2.9171368 3.1610037 
XM_056535764.1 0.4486700 0.4120902 0.1750874 0.1895357 0.2384351 0.1634468 0.1215216 0.0656936 0.0770829 0.0757646 0.0809357 0.0615579 0.0719216 0.0720769 0.0000000 0.0541581 0.1190915 0.1412170 0.1440027 0.1353660 0.1228382 0.3824262 0.4079307 0.6253016 1.7112398 1.6837300 1.6059481 1.5478641 2.1049354 
XM_066577403.1 1.3899867 1.1750687 0.5034975 0.7079966 0.5159022 0.5655876 0.2014009 0.2109627 0.0706064 0.0666717 0.1896432 0.1725684 0.1006578 0.1343955 0.0541581 0.0000000 0.6134045 0.4150831 0.1421972 0.6221595 0.6641452 0.4125390 0.4104313 1.5623629 2.0466571 2.1876890 2.2026453 4.4594151 4.4840276 
XM_068245456.1 1.5128606 1.2891753 0.6542052 0.7403359 0.5690930 0.6831104 0.2302774 0.6331560 0.1441440 0.1423664 0.6327583 0.5579597 0.2239261 0.5263138 0.1190915 0.6134045 0.0000000 0.2807330 0.1246829 0.3447274 0.4229047 0.4494544 0.4374677 1.8310820 1.9145581 2.1549445 2.6905998 4.1375752 4.4030705 
XM_072416815.1 1.1127690 1.1037922 0.5539620 0.7495277 0.4257380 0.5579465 0.2410973 0.5208218 0.1497316 0.1481887 0.4619909 0.4222592 0.2346903 0.3857269 0.1412170 0.4150831 0.2807330 0.0000000 0.0839227 0.1502362 0.1397288 0.4124072 0.3981261 1.3081536 1.9797769 1.8988349 2.1616023 3.3333680 3.5074064 
XM_018558070.1 0.4697638 0.4218144 0.2029065 0.2338309 0.2464368 0.2023059 0.1575697 0.1572518 0.1604931 0.1556543 0.1460205 0.1327746 0.1372278 0.1680742 0.1440027 0.1421972 0.1246829 0.0839227 0.0000000 0.0793980 0.0738687 0.3810776 0.3982603 0.6109459 2.0471867 2.0603492 1.9997957 1.8237765 2.0779142 
XM_040357694.1 1.4814938 1.2855454 0.6640251 0.7544104 0.5670063 0.6752619 0.2757563 0.5783660 0.1414100 0.1367457 0.6235211 0.5242057 0.2220801 0.5602811 0.1353660 0.6221595 0.3447274 0.1502362 0.0793980 0.0000000 0.0347209 0.4449919 0.4270714 1.7411713 2.3048064 2.1078726 2.5350353 3.9423196 4.0029241 
XM_073633837.1 1.4704879 1.2517558 0.6726981 0.7979444 0.5573764 0.6921567 0.2614010 0.5733393 0.1272355 0.1227400 0.6152233 0.5174149 0.2128529 0.5956020 0.1228382 0.6641452 0.4229047 0.1397288 0.0738687 0.0347209 0.0000000 0.4290922 0.4122298 1.7216244 2.2569772 2.1308235 2.3260285 3.9525745 4.0748238 
XM_033946915.1 0.5759472 0.4771020 0.4601294 0.3952075 0.4301666 0.4111691 0.3758657 0.4139974 0.3704829 0.3580039 0.3913762 0.4071702 0.3695417 0.4124007 0.3824262 0.4125390 0.4494544 0.4124072 0.3810776 0.4449919 0.4290922 0.0000000 0.1037546 0.4153611 1.6169663 1.8240420 1.5066812 1.6129546 2.1273289 
XM_030210514.1 0.5738139 0.5164942 0.4389750 0.3863912 0.4264008 0.4081054 0.3974582 0.4030974 0.4013739 0.3884569 0.3815883 0.3973392 0.3978919 0.3947795 0.4079307 0.4104313 0.4374677 0.3981261 0.3982603 0.4270714 0.4122298 0.1037546 0.0000000 0.3818254 1.4931345 1.2881459 1.3339808 1.1473942 1.5828801 
XM_029605845.1 2.1613191 2.1376769 1.6243305 1.5527309 1.3620492 1.4582799 0.7811482 1.5155467 0.5786339 0.5651540 1.5805390 1.5050495 0.8390162 1.3103529 0.6253016 1.5623629 1.8310820 1.3081536 0.6109459 1.7411713 1.7216244 0.4153611 0.3818254 0.0000000 0.5701047 0.5074201 0.5290517 1.0921838 1.3913318 
XR_011849445.1 5.8810076 3.2881326 2.5353909 2.1293734 2.4773964 1.8968167 1.9723959 2.0723622 1.7790658 1.7157180 2.1824239 2.1806805 2.1149826 1.7806084 1.7112398 2.0466571 1.9145581 1.9797769 2.0471867 2.3048064 2.2569772 1.6169663 1.4931345 0.5701047 0.0000000 0.1144045 0.0425456 0.1659961 0.4293165 
XR_011849446.1 4.4086701 3.4706733 1.9832750 2.2638958 2.6250769 1.5552479 1.9673451 1.9767927 1.8846512 1.8141224 2.3267988 2.3152551 2.2053043 2.1775338 1.6837300 2.1876890 2.1549445 1.8988349 2.0603492 2.1078726 2.1308235 1.8240420 1.2881459 0.5074201 0.1144045 0.0000000 0.0961410 0.1433395 0.3948523 
XR_011849443.1 5.2852580 3.6372486 2.2257298 2.6046477 2.3623440 1.7976241 2.2391167 2.3822902 1.7415125 1.6718117 2.5891030 2.4451788 2.0257845 1.9115397 1.6059481 2.2026453 2.6905998 2.1616023 1.9997957 2.5350353 2.3260285 1.5066812 1.3339808 0.5290517 0.0425456 0.0961410 0.0000000 0.0811989 0.3051410 
XR_011849442.1 8.9999981 6.3105725 4.9325856 4.2860760 3.0663270 3.7010025 2.6421470 4.1555248 1.6997651 1.6469300 5.3779691 5.4321920 3.5893915 2.9171368 1.5478641 4.4594151 4.1375752 3.3333680 1.8237765 3.9423196 3.9525745 1.6129546 1.1473942 1.0921838 0.1659961 0.1433395 0.0811989 0.0000000 0.0606811 
XR_011849444.1 8.2649880 6.1422412 4.7646614 4.7076029 3.4505660 3.7213647 3.1477993 4.5402745 2.1054047 2.1559194 5.3663057 5.5731480 4.0318565 3.1610037 2.1049354 4.4840276 4.4030705 3.5074064 2.0779142 4.0029241 4.0748238 2.1273289 1.5828801 1.3913318 0.4293165 0.3948523 0.3051410 0.0606811 0.0000000 
