24
XM_063924845.1 0.0000000 0.2219702 0.2299629 0.2827473 0.2515419 0.1924523 0.2031937 0.1621269 0.1609928 0.1949468 0.1755580 0.1905734 0.2005371 0.1666960 0.2119542 0.2027885 0.1990299 0.1662997 0.2163198 0.3193434 0.3136004 0.2634978 0.3003107 0.2571852 
XM_053713007.1 0.2219702 0.0000000 0.2117327 0.5063831 0.4281626 0.5245198 0.4794567 0.2091347 0.2102059 0.4849915 0.2607925 0.4998119 0.4869926 0.1887608 0.4308835 0.3881475 0.3854719 0.1630343 0.4019774 0.8588839 0.8108974 0.2491596 0.8572923 0.2188797 
XM_063450701.1 0.2299629 0.2117327 0.0000000 0.2593731 0.1992528 0.2367742 0.2438030 0.1869866 0.1877755 0.2355087 0.2283316 0.2375132 0.2457714 0.1877547 0.1951723 0.2058238 0.2059180 0.1788705 0.2041718 0.3473903 0.3587900 0.2669334 0.3191138 0.2366192 
XM_002933385.5 0.2827473 0.5063831 0.2593731 0.0000000 0.5136796 0.5319952 0.7447337 0.2422448 0.2434607 0.5175272 0.2983578 0.5478422 0.5031161 0.2463144 0.4931771 0.5732875 0.4604935 0.2403705 0.7065774 0.9407451 0.8399431 0.3041056 0.9534308 0.3034173 
XM_053466796.1 0.2515419 0.4281626 0.1992528 0.5136796 0.0000000 0.4606499 0.4638457 0.1927750 0.1936332 0.4391331 0.2501542 0.4246939 0.4196503 0.1735210 0.3782210 0.3571935 0.3577587 0.1426064 0.3394515 0.8680483 0.8836757 0.2727659 0.8224076 0.2345013 
XM_073582269.1 0.1924523 0.5245198 0.2367742 0.5319952 0.4606499 0.0000000 0.1697204 0.0879372 0.0902448 0.0785409 0.1210024 0.0774179 0.1483163 0.0885624 0.4286398 0.3882771 0.3825625 0.1935249 0.4180913 0.7202496 0.7346912 0.2538228 0.7672258 0.2584897 
XM_072154824.1 0.2031937 0.4794567 0.2438030 0.7447337 0.4638457 0.1697204 0.0000000 0.0909333 0.0946323 0.1633472 0.1149487 0.1564532 0.1476109 0.0976922 0.3900908 0.4560306 0.3363947 0.1933282 0.5094913 0.7917741 0.6473599 0.2509831 0.7085642 0.2609088 
XM_040432740.1 0.1621269 0.2091347 0.1869866 0.2422448 0.1927750 0.0879372 0.0909333 0.0000000 0.0022623 0.0824950 0.0730148 0.0691867 0.0639505 0.0588869 0.1625305 0.1690762 0.1692806 0.1707150 0.1707901 0.2741512 0.2663173 0.2548184 0.2466320 0.2296648 
XM_044295137.1 0.1609928 0.2102059 0.1877755 0.2434607 0.1936332 0.0902448 0.0946323 0.0022623 0.0000000 0.0834177 0.0738202 0.0699471 0.0646481 0.0595256 0.1658740 0.1727086 0.1729202 0.1758674 0.1742423 0.2761286 0.2681777 0.2619182 0.2501191 0.2310056 
XM_069729913.1 0.1949468 0.4849915 0.2355087 0.5175272 0.4391331 0.0785409 0.1633472 0.0824950 0.0834177 0.0000000 0.1005596 0.0553010 0.1215514 0.0641757 0.3948228 0.3507579 0.3484092 0.1717780 0.3793279 0.7394667 0.7090102 0.2626887 0.7545869 0.2606182 
XM_069960441.1 0.1755580 0.2607925 0.2283316 0.2983578 0.2501542 0.1210024 0.1149487 0.0730148 0.0738202 0.1005596 0.0000000 0.0826901 0.0785721 0.0466372 0.2077336 0.1902642 0.1936703 0.1541053 0.2022512 0.3360390 0.3469230 0.2698846 0.3208827 0.2583983 
XM_073677908.1 0.1905734 0.4998119 0.2375132 0.5478422 0.4246939 0.0774179 0.1564532 0.0691867 0.0699471 0.0553010 0.0826901 0.0000000 0.0958870 0.0381939 0.4065937 0.3768401 0.3711191 0.1606108 0.3833586 0.8121594 0.7533782 0.2785614 0.7608408 0.2547088 
XM_066585036.1 0.2005371 0.4869926 0.2457714 0.5031161 0.4196503 0.1483163 0.1476109 0.0639505 0.0646481 0.1215514 0.0785721 0.0958870 0.0000000 0.0333405 0.3889322 0.3520507 0.3476586 0.1565426 0.3648948 0.7731166 0.7066407 0.2853739 0.7490609 0.2491443 
XM_056518414.1 0.1666960 0.1887608 0.1877547 0.2463144 0.1735210 0.0885624 0.0976922 0.0588869 0.0595256 0.0641757 0.0466372 0.0381939 0.0333405 0.0000000 0.1514355 0.1546255 0.1548156 0.1504757 0.1475541 0.3045946 0.2998930 0.2730564 0.2702366 0.2544249 
XM_068238666.1 0.2119542 0.4308835 0.1951723 0.4931771 0.3782210 0.4286398 0.3900908 0.1625305 0.1658740 0.3948228 0.2077336 0.4065937 0.3889322 0.1514355 0.0000000 0.2074096 0.1983572 0.0933206 0.2030193 0.7808467 0.8128404 0.2446503 0.8153257 0.2218442 
XM_040352917.1 0.2027885 0.3881475 0.2058238 0.5732875 0.3571935 0.3882771 0.4560306 0.1690762 0.1727086 0.3507579 0.1902642 0.3768401 0.3520507 0.1546255 0.2074096 0.0000000 0.0281810 0.0817039 0.1409228 0.8125919 0.7090826 0.2657927 0.7716909 0.2452156 
XM_073630157.1 0.1990299 0.3854719 0.2059180 0.4604935 0.3577587 0.3825625 0.3363947 0.1692806 0.1729202 0.3484092 0.1936703 0.3711191 0.3476586 0.1548156 0.1983572 0.0281810 0.0000000 0.0883099 0.1178475 0.7064131 0.7068049 0.2630138 0.7346187 0.2555259 
XM_018576132.1 0.1662997 0.1630343 0.1788705 0.2403705 0.1426064 0.1935249 0.1933282 0.1707150 0.1758674 0.1717780 0.1541053 0.1606108 0.1565426 0.1504757 0.0933206 0.0817039 0.0883099 0.0000000 0.0385174 0.3302081 0.3187925 0.2741954 0.2764080 0.2525620 
XM_072413452.1 0.2163198 0.4019774 0.2041718 0.7065774 0.3394515 0.4180913 0.5094913 0.1707901 0.1742423 0.3793279 0.2022512 0.3833586 0.3648948 0.1475541 0.2030193 0.1409228 0.1178475 0.0385174 0.0000000 0.8589308 0.7647883 0.2696914 0.7691374 0.2510519 
XM_069648235.1 0.3193434 0.8588839 0.3473903 0.9407451 0.8680483 0.7202496 0.7917741 0.2741512 0.2761286 0.7394667 0.3360390 0.8121594 0.7731166 0.3045946 0.7808467 0.8125919 0.7064131 0.3302081 0.8589308 0.0000000 0.3311027 0.2198899 0.6450531 0.2598457 
XM_069211441.1 0.3136004 0.8108974 0.3587900 0.8399431 0.8836757 0.7346912 0.6473599 0.2663173 0.2681777 0.7090102 0.3469230 0.7533782 0.7066407 0.2998930 0.8128404 0.7090826 0.7068049 0.3187925 0.7647883 0.3311027 0.0000000 0.1926651 0.6288774 0.2655540 
XM_029592623.1 0.2634978 0.2491596 0.2669334 0.3041056 0.2727659 0.2538228 0.2509831 0.2548184 0.2619182 0.2626887 0.2698846 0.2785614 0.2853739 0.2730564 0.2446503 0.2657927 0.2630138 0.2741954 0.2696914 0.2198899 0.1926651 0.0000000 0.1282129 0.1370182 
XM_033934497.1 0.3003107 0.8572923 0.3191138 0.9534308 0.8224076 0.7672258 0.7085642 0.2466320 0.2501191 0.7545869 0.3208827 0.7608408 0.7490609 0.2702366 0.8153257 0.7716909 0.7346187 0.2764080 0.7691374 0.6450531 0.6288774 0.1282129 0.0000000 0.1169927 
XM_030189969.1 0.2571852 0.2188797 0.2366192 0.3034173 0.2345013 0.2584897 0.2609088 0.2296648 0.2310056 0.2606182 0.2583983 0.2547088 0.2491443 0.2544249 0.2218442 0.2452156 0.2555259 0.2525620 0.2510519 0.2598457 0.2655540 0.1370182 0.1169927 0.0000000 
