69
XM_053720739.1 0.0000000 0.0049689 0.0049689 3.4162800 3.4156046 3.4515531 3.5726009 3.5726009 2.2187911 4.0601627 4.3038462 4.0575550 1.6725552 1.8615402 1.6662056 1.6998869 1.7218554 1.8938566 1.8967709 2.6551759 1.0549051 2.3578581 2.3304090 2.3304090 2.5321375 2.3304090 2.4578864 1.6376389 1.6091661 1.8249107 2.4218054 2.3026994 2.4677471 2.3522183 2.1835484 2.3037110 2.1814848 1.7490153 1.7516074 1.6443160 1.8441544 1.6713724 2.1919886 2.3216582 2.2066212 2.9888765 2.8129154 1.1603254 4.5759089 4.2763769 4.0926057 2.1930148 2.0530314 1.2759046 1.2626500 1.2500063 1.2486201 1.4413392 1.2357562 1.9287437 0.9363620 2.0120983 1.9511173 2.0555262 1.9225689 2.0832093 2.0131763 2.1197708 2.0069923 
XM_053720737.1 0.0049689 0.0000000 0.0000010 3.7849095 3.6593953 3.6726389 5.3696235 5.3834930 3.6083168 4.3642881 6.1194282 4.2664517 1.9115313 4.1751536 1.7933273 1.9108001 1.8075393 3.6852131 3.6838468 3.7352822 1.3800781 2.7354948 2.6111745 2.5170893 4.6714337 2.3665080 3.6935326 1.9221785 1.6091661 3.4659815 3.4390817 2.3975907 3.4710784 2.5144395 2.3142000 3.2311058 2.2796446 1.9470154 1.9823254 1.6941910 3.5692529 1.7167232 2.3770263 3.5061777 2.3813007 4.4932747 3.3351983 1.9021610 6.3606504 6.3989791 4.7926534 3.3916158 2.1962383 1.2870757 1.3272948 1.2668994 1.2791087 3.4965578 1.2582687 1.9287437 0.9363620 2.1969565 2.1544306 3.2003612 1.9618105 2.4637182 2.4750371 3.1478008 2.1867453 
XM_053720738.1 0.0049689 0.0000010 0.0000000 3.7678634 3.6593953 3.6726389 5.2907106 5.2963808 3.5153171 4.3481610 6.0718908 4.2508237 1.9115313 3.6360674 1.7927058 1.9108001 1.8087603 3.5834186 3.5821644 3.6406643 1.3701642 2.6926531 2.6111745 2.5170893 4.0130195 2.3665080 3.4902104 1.9246378 1.6091661 3.2378270 3.3206123 2.3884211 3.3540357 2.5145789 2.2947964 3.2032218 2.2719347 1.9470154 1.9823254 1.6913113 3.3987157 1.7167232 2.3770263 3.3777643 2.3660829 4.4228984 3.3351983 1.9014157 6.2814479 6.3513322 4.7926534 3.3916158 2.1962383 1.2870757 1.3272948 1.2668994 1.2791087 3.4965578 1.2582687 1.9287437 0.9363620 2.1969565 2.1544306 3.2003612 1.9618105 2.4637182 2.4750371 3.1478008 2.1867453 
XM_029600909.1 3.4162800 3.7849095 3.7678634 0.0000000 0.0125666 0.0105173 0.0226183 0.0233136 0.8565860 2.2810496 2.4142954 2.2533234 3.1148460 3.3696435 3.0368600 2.7031000 2.6525001 3.1763788 3.1754789 3.9006455 1.4228048 2.9962375 2.9995215 2.9995215 3.3544994 2.9995215 3.1080092 2.4635380 2.4570971 2.7287108 3.5765525 3.4990348 3.6041662 3.5632027 3.2987329 3.4579005 3.3179787 2.2977768 2.2971062 2.2913990 2.5792610 2.2884670 3.0577945 3.2087413 3.0577945 4.4714914 4.2756160 1.4199767 4.8148212 4.6331976 4.3679418 3.5112016 3.2323201 1.9739875 2.0369318 1.9621386 1.9778278 2.3828883 1.9429570 3.1542277 1.4306854 3.3247166 3.3558965 3.5655190 3.2319606 3.5168954 3.4244475 3.5894323 3.3510590 
XM_029600908.1 3.4156046 3.6593953 3.6593953 0.0125666 0.0000000 0.0051699 0.0141899 0.0141899 0.8112008 2.2298633 2.3481852 2.2164326 3.0891468 3.3535696 2.9599068 2.6983073 2.6628820 3.0372266 3.0365253 3.7401087 1.4228048 2.9962375 2.9995215 2.9995215 3.2150851 2.9995215 3.1583910 2.4768908 2.4570971 2.6754931 3.6644425 3.4950077 3.6995027 3.5292514 3.2734315 3.4579208 3.2796548 2.2977768 2.2971062 2.2884670 2.5370068 2.2884670 3.0577945 3.2367944 3.0730469 4.4289690 4.2756631 1.3827720 4.6561368 4.5893128 4.3570522 3.4595019 3.2728833 1.9635218 2.0100060 1.9610130 1.9590430 2.4020162 1.9429570 3.1542277 1.4306854 3.3529650 3.3288766 3.5352011 3.2476017 3.4458321 3.3792887 3.5111334 3.3103387 
XM_029600906.1 3.4515531 3.6726389 3.6726389 0.0105173 0.0051699 0.0000000 0.0117121 0.0117121 0.8392176 2.2452383 2.3712300 2.2356025 3.1053323 3.3477231 3.0136582 2.6510238 2.6508565 2.9707669 2.9738288 3.8512431 1.4160044 3.0335057 3.0087837 2.9995215 3.2885039 2.9995215 3.0935200 2.4570971 2.4570971 2.6747056 3.6064674 3.4984899 3.6450413 3.5766760 3.2898502 3.4812890 3.3136839 2.2977768 2.2971062 2.2884670 2.5450694 2.2884670 3.0577945 3.2171010 3.0577945 4.3929298 4.2253527 1.4169245 4.6695084 4.5307808 4.2407132 3.4707987 3.2360808 1.9454496 1.9512842 1.9429570 1.9429570 2.3006024 1.9429570 3.1542277 1.4306854 3.2778797 3.2842642 3.5675917 3.2269945 3.3496229 3.3539144 3.5692008 3.2864504 
XM_029600907.1 3.5726009 5.3696235 5.2907106 0.0226183 0.0141899 0.0117121 0.0000000 0.0000010 1.3012511 2.3710947 3.1584205 2.3476532 3.2725330 5.2527600 3.1105301 2.8600459 2.8570905 4.6010719 4.5982079 4.7022343 1.8257287 3.3985737 3.2421293 3.1448115 5.0807404 3.0282733 4.1191020 2.6914944 2.4570971 3.9753767 4.5439626 3.5267358 4.5898670 3.6457200 3.4764764 4.4605929 3.4055152 2.5286633 2.5146217 2.3292002 3.8779228 2.3542458 3.2010501 4.1969391 3.1601917 6.0564428 4.7967662 2.0334012 6.2845944 5.7006239 4.7660673 4.6603625 3.4238681 2.0390724 2.1009594 2.0043918 2.0398636 4.1779535 1.9886952 3.1542277 1.4306854 3.5926537 3.4828746 4.8358354 3.2489096 3.9366191 3.9414217 4.6657752 3.5450386 
XM_029600910.1 3.5726009 5.3834930 5.2963808 0.0233136 0.0141899 0.0117121 0.0000010 0.0000000 1.3064603 2.3710947 3.1622114 2.3476532 3.2725330 5.2561810 3.1160237 2.8600459 2.8627305 4.6050417 4.6021751 4.7055590 1.8257287 3.3985737 3.2421293 3.1448115 5.0947531 3.0282733 4.1229749 2.6914944 2.4570971 3.9804183 4.5472658 3.5303507 4.5931734 3.6492335 3.4842506 4.4639705 3.4076838 2.5286633 2.5146217 2.3292002 3.8829149 2.3542458 3.2010501 4.2003966 3.1601917 6.0806554 4.7967662 2.0416455 6.3012146 5.7278067 4.7718239 4.6603625 3.4238681 2.0390724 2.1009594 2.0043918 2.0398636 4.1779535 1.9886952 3.1542277 1.4306854 3.5926537 3.4828746 4.8358354 3.2489096 3.9411786 3.9414217 4.6657752 3.5450386 
XM_030207283.1 2.2187911 3.6083168 3.5153171 0.8565860 0.8112008 0.8392176 1.3012511 1.3064603 0.0000000 0.1254851 0.1501004 0.1332099 2.5386251 4.0504523 2.4257320 2.4934692 2.5549117 3.8332369 3.8311568 3.6870232 1.9467472 2.8390836 2.4629923 2.3335259 3.8418075 2.2421306 3.3583627 2.3286000 2.2439729 3.6836049 3.7042919 2.3233428 3.7546678 2.5382930 2.5259404 3.5760005 2.3864881 2.5060335 2.5650994 2.1962894 3.5557331 2.2044640 2.4356586 3.5208093 2.4168809 4.3861061 3.0118509 1.7551405 4.5403469 3.9457348 2.8094921 3.5457575 2.2757318 2.1741498 2.2297806 2.1364228 2.1725642 3.6704278 2.1295694 2.0260613 1.5379424 2.5516794 2.2690194 3.6229360 2.0620317 2.5169968 2.5457753 3.4360656 2.3630665 
XM_033926642.1 4.0601627 4.3642881 4.3481610 2.2810496 2.2298633 2.2452383 2.3710947 2.3710947 0.1254851 0.0000000 0.0165169 0.0103697 3.3958781 3.5630910 3.3052859 3.0367758 2.9986150 3.4045920 3.4033408 4.7079713 1.5770061 4.3522236 4.2110572 4.2135675 4.7047778 4.1843494 4.4560980 2.6814203 2.5554073 2.9413489 4.0084882 3.8235067 4.0538642 3.8889703 3.8597543 4.0880334 3.8360606 2.3501395 2.3838124 2.3300066 2.7399831 2.3300066 3.8566931 4.1662635 3.9115401 4.8334644 4.6431457 1.4947234 6.0116012 5.1738018 4.8124932 4.3390583 4.1115729 2.0695872 2.0756049 2.0638631 2.0734510 2.4801139 2.0734510 3.5540094 1.6306611 3.6673687 3.6498585 3.8828262 3.6102381 3.6554200 3.6675752 3.8659780 3.6366947 
XM_033926641.1 4.3038462 6.1194282 6.0718908 2.4142954 2.3481852 2.3712300 3.1584205 3.1622114 0.1501004 0.0165169 0.0000000 0.0085691 3.6136690 5.4654731 3.4127047 3.3298956 3.1576211 6.3050937 6.3064246 5.7900971 1.9100356 4.7071724 4.6805634 4.4448414 7.7196527 4.2390754 5.7859742 3.0497271 2.5867665 4.6328996 5.1385660 3.9335267 5.1755889 4.0065697 3.9610874 4.9650370 3.9125422 2.4946853 2.5891360 2.3333483 4.5020725 2.3556822 4.0567265 5.4138532 4.0728315 6.4524336 5.2261323 2.3218394 7.8441686 8.2688312 5.6310458 5.7678577 4.3337167 2.1672570 2.2313257 2.1306786 2.1663670 4.4766769 2.1142554 3.5540094 1.6306611 3.9697102 3.8500365 5.3744603 3.6372621 4.1669859 4.1567788 5.2601984 3.8187454 
XM_033926643.1 4.0575550 4.2664517 4.2508237 2.2533234 2.2164326 2.2356025 2.3476532 2.3476532 0.1332099 0.0103697 0.0085691 0.0000000 3.3645360 3.5994398 3.3405958 3.0190828 3.0168781 3.3357204 3.3345657 4.6489606 1.6057399 4.2838438 4.1821554 4.1980930 4.6448716 4.1938667 4.3788765 2.6455898 2.5554073 2.7925819 3.9669844 3.8189636 4.0215384 3.8987099 3.8419851 3.9847290 3.8415787 2.3396558 2.3389404 2.3300066 2.6203599 2.3300066 3.8387696 4.0522412 3.8647865 4.7894105 4.5728611 1.4510804 5.9801014 5.1592735 4.8417415 4.2477519 4.1123754 2.0695872 2.0785299 2.0800720 2.0898103 2.3863933 2.0983808 3.5540094 1.6306611 3.6234221 3.6396687 3.7754873 3.5738824 3.6905296 3.6969194 3.7922705 3.6531683 
XM_063426892.1 1.6725552 1.9115313 1.9115313 3.1148460 3.0891468 3.1053323 3.2725330 3.2725330 2.5386251 3.3958781 3.6136690 3.3645360 0.0000000 0.0177777 0.0070249 1.7702799 1.7443973 1.9490388 1.9566028 1.5879189 0.7152088 1.5087789 1.4844556 1.4537443 1.7214880 1.4537443 1.6347283 1.3034814 1.2796920 1.5442896 1.8982883 1.7156346 1.9187036 1.7600663 1.4449344 1.6462545 1.4519376 1.4450196 1.4519874 1.4520262 1.7380073 1.4520262 1.4942254 1.7179292 1.5142869 2.8662100 2.6202463 0.7490099 3.9552496 3.8853732 3.5649500 1.6943633 1.4671471 1.1350792 1.1399437 1.1398584 1.1398584 1.4346167 1.1398584 1.4564235 0.8589175 1.3515987 1.3515983 1.5733461 1.3515983 1.4367938 1.4577199 1.5739563 1.3582891 
XM_063426890.1 1.8615402 4.1751536 3.6360674 3.3696435 3.3535696 3.3477231 5.2527600 5.2561810 4.0504523 3.5630910 5.4654731 3.5994398 0.0177777 0.0000000 0.0060526 1.8895971 1.8490813 3.3111824 3.3102730 2.7283065 1.0580173 1.9942364 1.6277535 1.5606782 3.7116915 1.4772188 2.7888258 1.3979272 1.2796920 2.8865842 2.8853803 1.7699119 2.9046852 1.9353854 1.5989516 2.6316319 1.5617526 1.7058545 1.7522075 1.4727864 2.9875476 1.5229065 1.6699088 2.6672999 1.7067183 4.5078734 3.1677107 1.3208906 6.1622718 5.9898755 4.3381008 3.2118692 1.6406651 1.2272631 1.2880190 1.2134463 1.1992104 3.3783173 1.1712338 1.4564235 0.8589175 1.7379479 1.5895835 3.0212361 1.4022313 1.9633275 1.9529239 2.8944325 1.6086790 
XM_063426891.1 1.6662056 1.7933273 1.7927058 3.0368600 2.9599068 3.0136582 3.1105301 3.1160237 2.4257320 3.3052859 3.4127047 3.3405958 0.0070249 0.0060526 0.0000000 1.7440906 1.7242292 1.8808893 1.8816288 1.5231955 0.7082852 1.4696502 1.4537443 1.4537443 1.5941769 1.4537443 1.4942810 1.2796920 1.2796920 1.3768946 1.7724612 1.7081972 1.7985854 1.7794896 1.4354453 1.5368594 1.4453263 1.4671744 1.4671529 1.4452617 1.5665712 1.4452617 1.4952783 1.5399631 1.5275219 2.6889534 2.5956158 0.6500121 3.7570188 3.7343966 3.5793641 1.5459287 1.4277395 1.1350792 1.1400963 1.1336419 1.1336419 1.2725606 1.1336419 1.4564235 0.8589175 1.3516492 1.3461339 1.4690790 1.3461339 1.4036760 1.4271758 1.4643723 1.3640722 
XM_072127135.1 1.6998869 1.9108001 1.9108001 2.7031000 2.6983073 2.6510238 2.8600459 2.8600459 2.4934692 3.0367758 3.3298956 3.0190828 1.7702799 1.8895971 1.7440906 0.0000000 0.0059419 0.0154079 0.0154079 0.3481167 0.2244590 0.3085989 0.3300607 0.3287917 0.4492701 0.3062991 0.3972097 0.2503945 0.2292040 0.2675373 0.2942172 0.2402324 0.3100496 0.2587105 0.2110951 0.2675772 0.2093167 0.2181797 0.2181797 0.2181797 0.3602373 0.2181797 0.2204637 0.3048114 0.2190311 2.6633424 2.5315841 0.9932176 3.5964172 3.3807748 3.1691270 0.9951417 0.9285505 0.8045291 0.8045291 0.8045291 0.8045291 0.9719553 0.8045291 0.9276336 0.4649516 0.8683220 0.8683220 1.0011220 0.8683220 0.8735251 0.8878550 0.9703364 0.8573260 
XM_072127138.1 1.7218554 1.8075393 1.8087603 2.6525001 2.6628820 2.6508565 2.8570905 2.8627305 2.5549117 2.9986150 3.1576211 3.0168781 1.7443973 1.8490813 1.7242292 0.0059419 0.0000000 0.0058399 0.0058352 0.3431836 0.2450498 0.3110886 0.3082722 0.3082722 0.3785864 0.3082722 0.3471573 0.2424954 0.2336950 0.2642474 0.2610068 0.2426991 0.2749856 0.2543797 0.2120050 0.2466353 0.2137794 0.2321985 0.2299277 0.2230803 0.2698571 0.2271211 0.2075225 0.2473271 0.2075225 2.6475145 2.4603507 0.9321435 3.5473475 3.2418431 3.1687751 0.9808333 0.9229004 0.8264429 0.8178465 0.8121360 0.8121360 0.9427173 0.8121360 0.9276336 0.4649516 0.8791868 0.8744842 0.9441932 0.8744842 0.8861270 0.8805310 0.9232554 0.8634415 
XM_072127137.1 1.8938566 3.6852131 3.5834186 3.1763788 3.0372266 2.9707669 4.6010719 4.6050417 3.8332369 3.4045920 6.3050937 3.3357204 1.9490388 3.3111824 1.8808893 0.0154079 0.0058399 0.0000000 0.0000010 1.0905626 0.4168258 0.6694813 0.4524307 0.4490196 2.5385939 0.3253812 1.2738564 0.4622872 0.2441123 1.2039359 0.6798854 0.2583497 0.7154647 0.3177866 0.3090091 0.6390490 0.2819897 0.3238229 0.3413149 0.2315434 0.9654470 0.2359131 0.2898480 0.7940429 0.2767644 4.4872851 3.1135034 1.6122738 5.8896599 6.7503865 3.8495053 2.0553632 1.0256886 0.8688415 0.9141469 0.8640448 0.8760569 2.5084637 0.8382119 0.9276336 0.4649516 1.1415871 1.1130326 2.1119618 0.9087949 1.2443166 1.2995714 2.0586205 1.0136466 
XM_072127136.1 1.8967709 3.6838468 3.5821644 3.1754789 3.0365253 2.9738288 4.5982079 4.6021751 3.8311568 3.4033408 6.3064246 3.3345657 1.9566028 3.3102730 1.8816288 0.0154079 0.0058352 0.0000010 0.0000000 1.0878370 0.4190440 0.6688155 0.4519032 0.4484975 2.5290319 0.3250284 1.2706514 0.4616994 0.2438550 1.2006469 0.6781728 0.2576377 0.7136637 0.3168282 0.3080821 0.6373753 0.2817222 0.3261134 0.3429094 0.2310748 0.9628141 0.2354318 0.2895701 0.7920887 0.2765059 4.4953107 3.1135034 1.6137438 5.8862540 6.7518700 3.8522958 2.0577974 1.0281701 0.8731674 0.9230979 0.8672551 0.8792657 2.5114804 0.8414475 0.9276336 0.4649516 1.1491364 1.1156175 2.1144883 0.9113978 1.2556720 1.3021607 2.0611305 1.0162197 
XM_069736698.1 2.6551759 3.7352822 3.6406643 3.9006455 3.7401087 3.8512431 4.7022343 4.7055590 3.6870232 4.7079713 5.7900971 4.6489606 1.5879189 2.7283065 1.5231955 0.3481167 0.3431836 1.0905626 1.0878370 0.0000000 0.0295196 0.2173856 0.1563182 0.1459040 0.5902435 0.1093967 0.3195049 0.1307103 0.0905498 0.1977702 0.8527202 0.4745279 0.8612697 0.5081914 0.4961890 0.7764117 0.4613133 0.3678899 0.4329005 0.2581306 0.9335853 0.2623792 0.5537308 0.9195850 0.5553769 3.9903251 3.2241731 1.2510724 5.8113290 5.5062301 4.6549521 2.2023583 1.5100950 0.8684494 0.9319532 0.8513886 0.8602228 1.9776339 0.8230939 1.5692206 0.4973415 1.6473875 1.5674333 2.2303032 1.4625068 1.6600182 1.6679546 2.2135795 1.5541604 
XM_069736697.1 1.0549051 1.3800781 1.3701642 1.4228048 1.4228048 1.4160044 1.8257287 1.8257287 1.9467472 1.5770061 1.9100356 1.6057399 0.7152088 1.0580173 0.7082852 0.2244590 0.2450498 0.4168258 0.4190440 0.0295196 0.0000000 0.0639315 0.0525684 0.0480018 0.1595114 0.0446898 0.1127618 0.0838541 0.0733434 0.1220214 0.2682836 0.1450752 0.2935463 0.1624393 0.1615572 0.2752993 0.1585649 0.2314813 0.2156371 0.1899954 0.3458023 0.1881470 0.1315908 0.2541222 0.1341600 1.2258666 1.0239289 0.6396992 1.7171990 1.9006888 1.6584382 0.6546906 0.3900129 0.6371098 0.6479997 0.6414203 0.6413168 0.9066941 0.6347446 0.5295979 0.4856590 0.5374715 0.5285871 0.7484966 0.4828615 0.5315378 0.5511972 0.6749763 0.5096370 
XM_073574148.1 2.3578581 2.7354948 2.6926531 2.9962375 2.9962375 3.0335057 3.3985737 3.3985737 2.8390836 4.3522236 4.7071724 4.2838438 1.5087789 1.9942364 1.4696502 0.3085989 0.3110886 0.6694813 0.6688155 0.2173856 0.0639315 0.0000000 0.0148544 0.0120322 0.0492867 0.0020643 0.0464001 0.0989981 0.0797548 0.2300544 0.5871687 0.3459522 0.6099842 0.3964837 0.4065567 0.5551400 0.3494417 0.2720144 0.2740896 0.2335218 0.5575365 0.2230132 0.4072057 0.6091073 0.4107928 3.2017450 2.8710621 0.9312008 4.8737105 4.4901374 4.1875103 1.5381950 1.3263351 0.7848750 0.8653401 0.7957438 0.7842498 1.1721203 0.8008358 1.3641647 0.5142702 1.4142398 1.4113651 1.5766334 1.3596498 1.4443142 1.4314205 1.5637584 1.3985262 
XM_073574149.1 2.3304090 2.6111745 2.6111745 2.9995215 2.9995215 3.0087837 3.2421293 3.2421293 2.4629923 4.2110572 4.6805634 4.1821554 1.4844556 1.6277535 1.4537443 0.3300607 0.3082722 0.4524307 0.4519032 0.1563182 0.0525684 0.0148544 0.0000000 0.0080203 0.0320861 0.0034509 0.0292786 0.1043775 0.0783511 0.1499196 0.4101844 0.3364628 0.4219969 0.3603207 0.3026616 0.3542626 0.3052007 0.2230132 0.2230132 0.2230132 0.3012956 0.2230132 0.3629708 0.4415817 0.3484046 3.0138111 2.8903481 0.8947232 4.6212412 4.5114257 4.2152388 1.4641273 1.3263351 0.7848750 0.7848750 0.7848750 0.7848750 1.0282535 0.7848750 1.3641647 0.5142702 1.3423518 1.3456994 1.5065391 1.3456994 1.3781833 1.3792929 1.5126626 1.3598702 
XM_073574152.1 2.3304090 2.5170893 2.5170893 2.9995215 2.9995215 2.9995215 3.1448115 3.1448115 2.3335259 4.2135675 4.4448414 4.1980930 1.4537443 1.5606782 1.4537443 0.3287917 0.3082722 0.4490196 0.4484975 0.1459040 0.0480018 0.0120322 0.0080203 0.0000000 0.0162216 0.0024151 0.0137202 0.1038425 0.0761566 0.1238064 0.4014437 0.3364628 0.4154570 0.3476951 0.3061630 0.3441190 0.3084361 0.2230132 0.2230132 0.2230132 0.2922220 0.2230132 0.3666121 0.4150693 0.3625400 2.9478697 2.8437265 0.8300612 4.5545562 4.3409032 4.1480170 1.4214205 1.3263351 0.7848750 0.7848750 0.7848750 0.7848750 0.8776116 0.7848750 1.3641647 0.5142702 1.3423518 1.3423518 1.4239827 1.3423518 1.3489565 1.3489565 1.4120791 1.3489565 
XM_073574151.1 2.5321375 4.6714337 4.0130195 3.3544994 3.2150851 3.2885039 5.0807404 5.0947531 3.8418075 4.7047778 7.7196527 4.6448716 1.7214880 3.7116915 1.5941769 0.4492701 0.3785864 2.5385939 2.5290319 0.5902435 0.1595114 0.0492867 0.0320861 0.0162216 0.0000000 0.0017135 0.2190754 0.1827951 0.0816894 0.9590174 1.2580395 0.4026240 1.2708535 0.4620263 0.4555733 1.1273832 0.4329892 0.3475392 0.3891678 0.2447765 1.7357021 0.2470829 0.4403013 1.3154386 0.4774218 5.0995068 3.5398404 1.6886876 7.0093405 8.9999984 5.1584292 2.8527858 1.5254923 0.8459480 0.9256773 0.8455761 0.8446048 2.7718911 0.8120063 1.3641647 0.5142702 1.6781480 1.5773168 2.9303671 1.3773222 1.7621248 1.7937177 2.7997729 1.5383527 
XM_073574153.1 2.3304090 2.3665080 2.3665080 2.9995215 2.9995215 2.9995215 3.0282733 3.0282733 2.2421306 4.1843494 4.2390754 4.1938667 1.4537443 1.4772188 1.4537443 0.3062991 0.3082722 0.3253812 0.3250284 0.1093967 0.0446898 0.0020643 0.0034509 0.0024151 0.0017135 0.0000000 0.0010243 0.0876750 0.0775171 0.0798080 0.3379257 0.3350063 0.3506675 0.3476951 0.3002311 0.3039767 0.3002311 0.2230132 0.2230132 0.2230132 0.2289865 0.2230132 0.3426538 0.3465112 0.3371002 2.8528066 2.8375496 0.7984454 4.4271081 4.1505515 4.0917786 1.3380005 1.3263351 0.7848750 0.7848750 0.7848750 0.7848750 0.7954710 0.7848750 1.3641647 0.5142702 1.3423518 1.3423518 1.3591791 1.3423518 1.3489565 1.3489565 1.3657471 1.3489565 
XM_073574150.1 2.4578864 3.6935326 3.4902104 3.1080092 3.1583910 3.0935200 4.1191020 4.1229749 3.3583627 4.4560980 5.7859742 4.3788765 1.6347283 2.7888258 1.4942810 0.3972097 0.3471573 1.2738564 1.2706514 0.3195049 0.1127618 0.0464001 0.0292786 0.0137202 0.2190754 0.0010243 0.0000000 0.1459678 0.0787931 0.3832660 0.7561092 0.3501292 0.7817555 0.3999800 0.4214738 0.7959529 0.3666006 0.3412394 0.3903457 0.2398598 1.0249318 0.2399371 0.4327718 0.8682567 0.4572152 4.2096238 3.3637121 1.2672875 5.8322990 5.9208507 4.6279956 2.1958536 1.4569337 0.8021459 0.8576814 0.8006893 0.8007123 2.0005354 0.7948470 1.3641647 0.5142702 1.5465356 1.4993600 2.2047102 1.3867206 1.5954706 1.6672529 2.1092214 1.5073643 
XM_073644588.1 1.6376389 1.9221785 1.9246378 2.4635380 2.4768908 2.4570971 2.6914944 2.6914944 2.3286000 2.6814203 3.0497271 2.6455898 1.3034814 1.3979272 1.2796920 0.2503945 0.2424954 0.4622872 0.4616994 0.1307103 0.0838541 0.0989981 0.1043775 0.1038425 0.1827951 0.0876750 0.1459678 0.0000000 0.0058875 0.0400296 0.2391344 0.1675510 0.2467719 0.1685588 0.1540030 0.1982833 0.1549928 0.1947267 0.1869715 0.1880424 0.2625209 0.1854663 0.1518049 0.2426425 0.1561295 2.4216532 2.2027272 0.7929934 3.0224297 3.2491248 2.7949411 0.8963958 0.7862421 0.7665466 0.7665466 0.7665466 0.7665466 0.9215445 0.7665466 0.7673332 0.4151042 0.7121396 0.6910598 0.9038330 0.6910598 0.7193579 0.7803276 0.8773694 0.7083498 
XM_073644590.1 1.6091661 1.6091661 1.6091661 2.4570971 2.4570971 2.4570971 2.4570971 2.4570971 2.2439729 2.5554073 2.5867665 2.5554073 1.2796920 1.2796920 1.2796920 0.2292040 0.2336950 0.2441123 0.2438550 0.0905498 0.0733434 0.0797548 0.0783511 0.0761566 0.0816894 0.0775171 0.0787931 0.0058875 0.0000000 0.0026289 0.1686626 0.1590907 0.1757335 0.1658820 0.1502533 0.1529315 0.1488423 0.1899984 0.1854663 0.1925125 0.1945324 0.1854663 0.1431114 0.1505920 0.1431114 2.1666666 2.1602389 0.7009821 2.7972695 2.7144864 2.7053486 0.7578488 0.7578488 0.7665466 0.7665466 0.7665466 0.7665466 0.7665466 0.7665466 0.7673332 0.4151042 0.6910598 0.6910598 0.6910598 0.6910598 0.6915359 0.6915359 0.6915359 0.6915359 
XM_073644589.1 1.8249107 3.4659815 3.2378270 2.7287108 2.6754931 2.6747056 3.9753767 3.9804183 3.6836049 2.9413489 4.6328996 2.7925819 1.5442896 2.8865842 1.3768946 0.2675373 0.2642474 1.2039359 1.2006469 0.1977702 0.1220214 0.2300544 0.1499196 0.1238064 0.9590174 0.0798080 0.3832660 0.0400296 0.0026289 0.0000000 0.7463760 0.1876324 0.7633380 0.2033470 0.2316434 0.5873745 0.2021493 0.2898577 0.3156890 0.2012974 0.8363431 0.1964851 0.2393593 0.7266687 0.2416912 4.0960481 2.7369080 1.2751576 4.4388894 4.5719673 3.2049958 1.9252326 0.9215610 0.8447015 0.8877475 0.8315100 0.8100100 1.9377121 0.7774039 0.7673332 0.4151042 0.9717222 0.8602408 1.9283525 0.7268708 1.0070140 1.1559059 1.8095014 0.8501042 
XM_044301664.1 2.4218054 3.4390817 3.3206123 3.5765525 3.6644425 3.6064674 4.5439626 4.5472658 3.7042919 4.0084882 5.1385660 3.9669844 1.8982883 2.8853803 1.7724612 0.2942172 0.2610068 0.6798854 0.6781728 0.8527202 0.2682836 0.5871687 0.4101844 0.4014437 1.2580395 0.3379257 0.7561092 0.2391344 0.1686626 0.7463760 0.0000000 0.0019778 0.0201715 0.0227795 0.2030685 0.3481393 0.1888067 0.2383434 0.2532883 0.1716987 0.5679597 0.1692996 0.2435401 0.4464187 0.2335179 3.8409591 2.9657649 1.4172046 6.0651169 5.3552954 4.5582062 1.9297745 1.3311429 0.7669505 0.8264952 0.7507374 0.7665747 1.8058889 0.7348079 1.3299078 0.3684458 1.4507944 1.3581327 1.9732013 1.2829184 1.5697907 1.6146483 1.9130160 1.4420247 
XM_044301665.1 2.3026994 2.3975907 2.3884211 3.4990348 3.4950077 3.4984899 3.5267358 3.5303507 2.3233428 3.8235067 3.9335267 3.8189636 1.7156346 1.7699119 1.7081972 0.2402324 0.2426991 0.2583497 0.2576377 0.4745279 0.1450752 0.3459522 0.3364628 0.3364628 0.4026240 0.3350063 0.3501292 0.1675510 0.1590907 0.1876324 0.0019778 0.0000000 0.0213092 0.0198079 0.1630150 0.1631136 0.1591090 0.1559698 0.1561418 0.1543647 0.1884818 0.1543647 0.2050537 0.2249254 0.2048650 2.8357903 2.7464491 0.9268367 4.6790078 4.2887501 4.1734796 1.2779093 1.2485587 0.6968989 0.7012983 0.6959258 0.6959258 0.7494048 0.6959258 1.3299078 0.3684458 1.2811086 1.2684027 1.3056542 1.2722819 1.2813983 1.2756044 1.2967962 1.2756044 
XM_040407576.1 2.4677471 3.4710784 3.3540357 3.6041662 3.6995027 3.6450413 4.5898670 4.5931734 3.7546678 4.0538642 5.1755889 4.0215384 1.9187036 2.9046852 1.7985854 0.3100496 0.2749856 0.7154647 0.7136637 0.8612697 0.2935463 0.6099842 0.4219969 0.4154570 1.2708535 0.3506675 0.7817555 0.2467719 0.1757335 0.7633380 0.0201715 0.0213092 0.0000000 0.0031419 0.2064475 0.3554282 0.1882698 0.2423407 0.2594705 0.1752207 0.5653898 0.1727834 0.2460838 0.4437014 0.2325580 3.8383828 2.9459417 1.4682119 6.2444334 5.4664532 4.6810472 1.8927125 1.3139053 0.7870271 0.8467420 0.7708297 0.7867785 1.7883310 0.7549455 1.3100404 0.3609236 1.4155189 1.3231307 1.9266209 1.2482762 1.5281682 1.5684601 1.8673330 1.4041808 
XM_040407577.1 2.3522183 2.5144395 2.5145789 3.5632027 3.5292514 3.5766760 3.6457200 3.6492335 2.5382930 3.8889703 4.0065697 3.8987099 1.7600663 1.9353854 1.7794896 0.2587105 0.2543797 0.3177866 0.3168282 0.5081914 0.1624393 0.3964837 0.3603207 0.3476951 0.4620263 0.3476951 0.3999800 0.1685588 0.1658820 0.2033470 0.0227795 0.0198079 0.0031419 0.0000000 0.1679861 0.1717116 0.1611065 0.1853542 0.1752268 0.1575962 0.2132428 0.1575962 0.2085096 0.2243170 0.2026269 2.9038729 2.7200039 0.9659326 4.9327065 4.4347274 4.3367662 1.3018373 1.2259479 0.7169362 0.7441681 0.7159474 0.7159474 0.8314780 0.7159474 1.3100404 0.3609236 1.2644528 1.2490424 1.3192077 1.2327138 1.2827159 1.2859841 1.3309007 1.2849017 
XM_066596545.1 2.1835484 2.3142000 2.2947964 3.2987329 3.2734315 3.2898502 3.4764764 3.4842506 2.5259404 3.8597543 3.9610874 3.8419851 1.4449344 1.5989516 1.4354453 0.2110951 0.2120050 0.3090091 0.3080821 0.4961890 0.1615572 0.4065567 0.3026616 0.3061630 0.4555733 0.3002311 0.4214738 0.1540030 0.1502533 0.2316434 0.2030685 0.1630150 0.2064475 0.1679861 0.0000000 0.0167032 0.0109419 0.1599395 0.1640257 0.1388038 0.2067188 0.1340520 0.1965814 0.2301134 0.1958934 2.8100801 2.6255818 0.9977309 4.7807692 4.2147157 4.0555943 1.1312148 1.0361966 0.6690901 0.6936192 0.6798889 0.6798632 0.8004180 0.6848487 1.2069094 0.3888847 1.1784803 1.1809760 1.2416941 1.1694822 1.1981127 1.1920223 1.2528061 1.1858230 
XM_066596543.1 2.3037110 3.2311058 3.2032218 3.4579005 3.4579208 3.4812890 4.4605929 4.4639705 3.5760005 4.0880334 4.9650370 3.9847290 1.6462545 2.6316319 1.5368594 0.2675772 0.2466353 0.6390490 0.6373753 0.7764117 0.2752993 0.5551400 0.3542626 0.3441190 1.1273832 0.3039767 0.7959529 0.1982833 0.1529315 0.5873745 0.3481393 0.1631136 0.3554282 0.1717116 0.0167032 0.0000000 0.0111265 0.2081592 0.2246155 0.1474985 0.6454305 0.1431773 0.2112431 0.4888295 0.2055369 3.8821891 2.9900426 1.5698983 6.0782490 5.3084013 4.3249229 1.8455995 1.1917475 0.7423659 0.7296699 0.7198356 0.7176166 2.0009083 0.6958598 1.2069094 0.3888847 1.3030051 1.2031033 1.9470960 1.1609784 1.3704111 1.4599736 1.8740356 1.2834418 
XM_066596544.1 2.1814848 2.2796446 2.2719347 3.3179787 3.2796548 3.3136839 3.4055152 3.4076838 2.3864881 3.8360606 3.9125422 3.8415787 1.4519376 1.5617526 1.4453263 0.2093167 0.2137794 0.2819897 0.2817222 0.4613133 0.1585649 0.3494417 0.3052007 0.3084361 0.4329892 0.3002311 0.3666006 0.1549928 0.1488423 0.2021493 0.1888067 0.1591090 0.1882698 0.1611065 0.0109419 0.0111265 0.0000000 0.1503535 0.1446097 0.1431554 0.1917402 0.1341564 0.1833381 0.2126993 0.1800605 2.7444302 2.6184592 0.9537310 4.6468906 4.1125549 4.0454516 1.1135485 1.0369482 0.6690901 0.6713510 0.6808819 0.6860890 0.7736945 0.6859152 1.2069094 0.3888847 1.1507214 1.1566170 1.2308286 1.1442068 1.1989608 1.1948459 1.2378956 1.1979244 
XM_056524386.1 1.7490153 1.9470154 1.9470154 2.2977768 2.2977768 2.2977768 2.5286633 2.5286633 2.5060335 2.3501395 2.4946853 2.3396558 1.4450196 1.7058545 1.4671744 0.2181797 0.2321985 0.3238229 0.3261134 0.3678899 0.2314813 0.2720144 0.2230132 0.2230132 0.3475392 0.2230132 0.3412394 0.1947267 0.1899984 0.2898577 0.2383434 0.1559698 0.2423407 0.1853542 0.1599395 0.2081592 0.1503535 0.0000000 0.0239194 0.0032212 0.0300188 0.0048592 0.1126751 0.1473148 0.1018384 2.5297372 2.2106329 0.9509521 3.1702578 3.0991245 3.0136368 0.7955406 0.7014598 0.7077322 0.6978927 0.6977857 0.6977857 0.8830119 0.6977857 0.6813110 0.3819379 0.7437580 0.7272766 0.8364941 0.6684570 0.6872278 0.7155892 0.8251492 0.6916123 
XM_056524388.1 1.7516074 1.9823254 1.9823254 2.2971062 2.2971062 2.2971062 2.5146217 2.5146217 2.5650994 2.3838124 2.5891360 2.3389404 1.4519874 1.7522075 1.4671529 0.2181797 0.2299277 0.3413149 0.3429094 0.4329005 0.2156371 0.2740896 0.2230132 0.2230132 0.3891678 0.2230132 0.3903457 0.1869715 0.1854663 0.3156890 0.2532883 0.1561418 0.2594705 0.1752268 0.1640257 0.2246155 0.1446097 0.0239194 0.0000000 0.0021381 0.0339573 0.0042966 0.1253720 0.1569410 0.1228634 2.5700480 2.2686505 0.9691443 3.2864784 3.1356223 2.9954589 0.8771904 0.7255572 0.7137995 0.6924559 0.7021144 0.7101182 0.9081379 0.6979826 0.6813110 0.3819379 0.8143332 0.7233532 0.8748154 0.6848454 0.6593137 0.6985766 0.8903421 0.6643443 
XM_056524387.1 1.6443160 1.6941910 1.6913113 2.2913990 2.2884670 2.2884670 2.3292002 2.3292002 2.1962894 2.3300066 2.3333483 2.3300066 1.4520262 1.4727864 1.4452617 0.2181797 0.2230803 0.2315434 0.2310748 0.2581306 0.1899954 0.2335218 0.2230132 0.2230132 0.2447765 0.2230132 0.2398598 0.1880424 0.1925125 0.2012974 0.1716987 0.1543647 0.1752207 0.1575962 0.1388038 0.1474985 0.1431554 0.0032212 0.0021381 0.0000000 0.0042871 0.0010659 0.0939865 0.0986414 0.0888295 2.2445897 2.1836256 0.9000879 2.9131311 2.9019451 2.9127708 0.6978396 0.6815761 0.6935782 0.6979826 0.6926059 0.6926059 0.7254103 0.6926059 0.6813110 0.3819379 0.6645484 0.6787080 0.6900132 0.6596421 0.6533836 0.6788332 0.6790222 0.6484739 
XM_056524385.1 1.8441544 3.5692529 3.3987157 2.5792610 2.5370068 2.5450694 3.8779228 3.8829149 3.5557331 2.7399831 4.5020725 2.6203599 1.7380073 2.9875476 1.5665712 0.3602373 0.2698571 0.9654470 0.9628141 0.9335853 0.3458023 0.5575365 0.3012956 0.2922220 1.7357021 0.2289865 1.0249318 0.2625209 0.1945324 0.8363431 0.5679597 0.1884818 0.5653898 0.2132428 0.2067188 0.6454305 0.1917402 0.0300188 0.0339573 0.0042871 0.0000000 0.0015975 0.1343514 0.3309334 0.1213745 4.1943722 2.6674008 1.5770170 5.1746200 4.8763311 3.3861263 1.9485744 0.9256333 0.7640128 0.7952822 0.7465239 0.7416279 2.0243722 0.7156195 0.6813110 0.3819379 0.9057639 0.7884260 1.9546455 0.6877747 0.9703211 1.0494501 1.7994964 0.8430689 
XM_056524389.1 1.6713724 1.7167232 1.7167232 2.2884670 2.2884670 2.2884670 2.3542458 2.3542458 2.2044640 2.3300066 2.3556822 2.3300066 1.4520262 1.5229065 1.4452617 0.2181797 0.2271211 0.2359131 0.2354318 0.2623792 0.1881470 0.2230132 0.2230132 0.2230132 0.2470829 0.2230132 0.2399371 0.1854663 0.1854663 0.1964851 0.1692996 0.1543647 0.1727834 0.1575962 0.1340520 0.1431773 0.1341564 0.0048592 0.0042966 0.0010659 0.0015975 0.0000000 0.0930637 0.0972762 0.0888295 2.2436737 2.1836256 0.9000879 2.9520747 2.9308648 2.9059926 0.7239014 0.6967837 0.7127430 0.6979826 0.6926059 0.6926059 0.7522188 0.6926059 0.6813110 0.3819379 0.6707322 0.6797413 0.7111995 0.6596421 0.6533836 0.6797961 0.7002615 0.6484739 
XM_069967014.1 2.1919886 2.3770263 2.3770263 3.0577945 3.0577945 3.0577945 3.2010501 3.2010501 2.4356586 3.8566931 4.0567265 3.8387696 1.4942254 1.6699088 1.4952783 0.2204637 0.2075225 0.2898480 0.2895701 0.5537308 0.1315908 0.4072057 0.3629708 0.3666121 0.4403013 0.3426538 0.4327718 0.1518049 0.1431114 0.2393593 0.2435401 0.2050537 0.2460838 0.2085096 0.1965814 0.2112431 0.1833381 0.1126751 0.1253720 0.0939865 0.1343514 0.0930637 0.0000000 0.0113157 0.0083731 2.6841426 2.5355554 0.9118837 4.8714250 4.1270935 4.0156969 1.1978454 1.0984541 0.5952179 0.6066265 0.6106287 0.6157988 0.7792745 0.6157858 1.1061424 0.3257813 1.1342339 1.1379490 1.2344880 1.1203405 1.1029214 1.1263919 1.2058151 1.0987359 
XM_069967013.1 2.3216582 3.5061777 3.3777643 3.2087413 3.2367944 3.2171010 4.1969391 4.2003966 3.5208093 4.1662635 5.4138532 4.0522412 1.7179292 2.6672999 1.5399631 0.3048114 0.2473271 0.7940429 0.7920887 0.9195850 0.2541222 0.6091073 0.4415817 0.4150693 1.3154386 0.3465112 0.8682567 0.2426425 0.1505920 0.7266687 0.4464187 0.2249254 0.4437014 0.2243170 0.2301134 0.4888295 0.2126993 0.1473148 0.1569410 0.0986414 0.3309334 0.0972762 0.0113157 0.0000000 0.0095576 3.7174830 2.7498304 1.4193106 6.1518431 5.2070029 4.1998760 1.8167411 1.2251265 0.6563533 0.6598762 0.6447613 0.6372987 1.7105936 0.6161860 1.1061424 0.3257813 1.2449720 1.1839486 1.8598587 1.1232980 1.2803049 1.3371667 1.7869799 1.2118556 
XM_069967015.1 2.2066212 2.3813007 2.3660829 3.0577945 3.0730469 3.0577945 3.1601917 3.1601917 2.4168809 3.9115401 4.0728315 3.8647865 1.5142869 1.7067183 1.5275219 0.2190311 0.2075225 0.2767644 0.2765059 0.5553769 0.1341600 0.4107928 0.3484046 0.3625400 0.4774218 0.3371002 0.4572152 0.1561295 0.1431114 0.2416912 0.2335179 0.2048650 0.2325580 0.2026269 0.1958934 0.2055369 0.1800605 0.1018384 0.1228634 0.0888295 0.1213745 0.0888295 0.0083731 0.0095576 0.0000000 2.6977813 2.5363362 0.9707351 4.8932022 4.1332765 3.9882671 1.2015968 1.0975040 0.5952179 0.5964787 0.6055253 0.6106881 0.7340144 0.6106894 1.1061424 0.3257813 1.1700508 1.1278231 1.2246479 1.1193301 1.1050447 1.1058657 1.1779706 1.0924049 
XM_031901260.1 2.9888765 4.4932747 4.4228984 4.4714914 4.4289690 4.3929298 6.0564428 6.0806554 4.3861061 4.8334644 6.4524336 4.7894105 2.8662100 4.5078734 2.6889534 2.6633424 2.6475145 4.4872851 4.4953107 3.9903251 1.2258666 3.2017450 3.0138111 2.9478697 5.0995068 2.8528066 4.2096238 2.4216532 2.1666666 4.0960481 3.8409591 2.8357903 3.8383828 2.9038729 2.8100801 3.8821891 2.7444302 2.5297372 2.5700480 2.2445897 4.1943722 2.2436737 2.6841426 3.7174830 2.6977813 0.0000000 0.0149948 1.6120977 5.5474591 5.3873486 4.1682836 4.0056428 2.5331058 1.6330129 1.7370151 1.6111181 1.6472703 4.2861723 1.6029705 1.9632780 1.0747395 2.2233501 2.1257049 3.4001605 1.9259514 2.4298726 2.4445146 3.3390098 2.1373265 
XM_004914179.4 2.8129154 3.3351983 3.3351983 4.2756160 4.2756631 4.2253527 4.7967662 4.7967662 3.0118509 4.6431457 5.2261323 4.5728611 2.6202463 3.1677107 2.5956158 2.5315841 2.4603507 3.1135034 3.1135034 3.2241731 1.0239289 2.8710621 2.8903481 2.8437265 3.5398404 2.8375496 3.3637121 2.2027272 2.1602389 2.7369080 2.9657649 2.7464491 2.9459417 2.7200039 2.6255818 2.9900426 2.6184592 2.2106329 2.2686505 2.1836256 2.6674008 2.1836256 2.5355554 2.7498304 2.5363362 0.0149948 0.0000000 1.1070755 4.3708615 4.1153175 3.7329428 2.8484792 2.4091530 1.5589808 1.5589808 1.5589808 1.5589808 2.3575140 1.5589808 1.9632780 1.0747395 2.0125816 1.9656171 2.3939970 1.9055081 2.1615279 2.1031242 2.3721698 1.9977683 
XM_053470052.1 1.1603254 1.9021610 1.9014157 1.4199767 1.3827720 1.4169245 2.0334012 2.0416455 1.7551405 1.4947234 2.3218394 1.4510804 0.7490099 1.3208906 0.6500121 0.9932176 0.9321435 1.6122738 1.6137438 1.2510724 0.6396992 0.9312008 0.8947232 0.8300612 1.6886876 0.7984454 1.2672875 0.7929934 0.7009821 1.2751576 1.4172046 0.9268367 1.4682119 0.9659326 0.9977309 1.5698983 0.9537310 0.9509521 0.9691443 0.9000879 1.5770170 0.9000879 0.9118837 1.4193106 0.9707351 1.6120977 1.1070755 0.0000000 0.8747277 2.2679377 1.4948809 1.5260021 0.8999732 0.9314621 0.9651557 0.9270721 0.9442155 1.7868914 0.9092598 0.8289381 0.5985086 1.0243103 0.9430448 1.5319149 0.8182787 1.1367268 1.1523944 1.4775157 0.8808695 
XM_069206451.1 4.5759089 6.3606504 6.2814479 4.8148212 4.6561368 4.6695084 6.2845944 6.3012146 4.5403469 6.0116012 7.8441686 5.9801014 3.9552496 6.1622718 3.7570188 3.5964172 3.5473475 5.8896599 5.8862540 5.8113290 1.7171990 4.8737105 4.6212412 4.5545562 7.0093405 4.4271081 5.8322990 3.0224297 2.7972695 4.4388894 6.0651169 4.6790078 6.2444334 4.9327065 4.7807692 6.0782490 4.6468906 3.1702578 3.2864784 2.9131311 5.1746200 2.9520747 4.8714250 6.1518431 4.8932022 5.5474591 4.3708615 0.8747277 0.0000000 4.1185084 3.0339008 6.1456508 4.4914400 2.4427586 2.5421076 2.4046339 2.4233008 5.2721670 2.3886101 3.8705781 1.7392539 4.2532843 4.1328130 5.7461177 3.8441214 4.4734282 4.5321183 5.6281137 4.1224135 
XM_069643646.1 4.2763769 6.3989791 6.3513322 4.6331976 4.5893128 4.5307808 5.7006239 5.7278067 3.9457348 5.1738018 8.2688312 5.1592735 3.8853732 5.9898755 3.7343966 3.3807748 3.2418431 6.7503865 6.7518700 5.5062301 1.9006888 4.4901374 4.5114257 4.3409032 8.9999984 4.1505515 5.9208507 3.2491248 2.7144864 4.5719673 5.3552954 4.2887501 5.4664532 4.4347274 4.2147157 5.3084013 4.1125549 3.0991245 3.1356223 2.9019451 4.8763311 2.9308648 4.1270935 5.2070029 4.1332765 5.3873486 4.1153175 2.2679377 4.1185084 0.0000000 0.0402345 5.1516718 3.6945821 2.4581631 2.5661696 2.3798875 2.3976171 5.7323794 2.3524028 3.0522075 1.6819408 3.3109179 3.2473874 4.6296021 3.0290643 3.5928239 3.5049078 4.6351318 3.2864392 
XM_069643645.1 4.0926057 4.7926534 4.7926534 4.3679418 4.3570522 4.2407132 4.7660673 4.7718239 2.8094921 4.8124932 5.6310458 4.8417415 3.5649500 4.3381008 3.5793641 3.1691270 3.1687751 3.8495053 3.8522958 4.6549521 1.6584382 4.1875103 4.2152388 4.1480170 5.1584292 4.0917786 4.6279956 2.7949411 2.7053486 3.2049958 4.5582062 4.1734796 4.6810472 4.3367662 4.0555943 4.3249229 4.0454516 3.0136368 2.9954589 2.9127708 3.3861263 2.9059926 4.0156969 4.1998760 3.9882671 4.1682836 3.7329428 1.4948809 3.0339008 0.0402345 0.0000000 4.0440570 3.5076325 2.3865203 2.4504371 2.4062105 2.3824203 3.4179281 2.3685280 3.0522075 1.7004049 3.1583209 3.1641876 3.5512246 3.0206870 3.2960271 3.2544042 3.5217992 3.1733490 
XM_063940839.1 2.1930148 3.3916158 3.3916158 3.5112016 3.4595019 3.4707987 4.6603625 4.6603625 3.5457575 4.3390583 5.7678577 4.2477519 1.6943633 3.2118692 1.5459287 0.9951417 0.9808333 2.0553632 2.0577974 2.2023583 0.6546906 1.5381950 1.4641273 1.4214205 2.8527858 1.3380005 2.1958536 0.8963958 0.7578488 1.9252326 1.9297745 1.2779093 1.8927125 1.3018373 1.1312148 1.8455995 1.1135485 0.7955406 0.8771904 0.6978396 1.9485744 0.7239014 1.1978454 1.8167411 1.2015968 4.0056428 2.8484792 1.5260021 6.1456508 5.1516718 4.0440570 0.0000000 0.0076402 0.6499845 0.7240197 0.6439161 0.6430491 2.8762283 0.6091790 0.6790044 0.2674821 0.8358028 0.7620003 1.5352440 0.6564007 1.0024440 1.0208026 1.5438824 0.8143637 
XM_063940840.1 2.0530314 2.1962383 2.1962383 3.2323201 3.2728833 3.2360808 3.4238681 3.4238681 2.2757318 4.1115729 4.3337167 4.1123754 1.4671471 1.6406651 1.4277395 0.9285505 0.9229004 1.0256886 1.0281701 1.5100950 0.3900129 1.3263351 1.3263351 1.3263351 1.5254923 1.3263351 1.4569337 0.7862421 0.7578488 0.9215610 1.3311429 1.2485587 1.3139053 1.2259479 1.0361966 1.1917475 1.0369482 0.7014598 0.7255572 0.6815761 0.9256333 0.6967837 1.0984541 1.2251265 1.0975040 2.5331058 2.4091530 0.8999732 4.4914400 3.6945821 3.5076325 0.0076402 0.0000000 0.6356010 0.6135493 0.6078943 0.6099452 0.8602293 0.6038671 0.6790044 0.2674821 0.6438402 0.6299800 0.7505296 0.6299800 0.6819193 0.6838257 0.7705196 0.6572130 
XM_068251734.1 1.2759046 1.2870757 1.2870757 1.9739875 1.9635218 1.9454496 2.0390724 2.0390724 2.1741498 2.0695872 2.1672570 2.0695872 1.1350792 1.2272631 1.1350792 0.8045291 0.8264429 0.8688415 0.8731674 0.8684494 0.6371098 0.7848750 0.7848750 0.7848750 0.8459480 0.7848750 0.8021459 0.7665466 0.7665466 0.8447015 0.7669505 0.6968989 0.7870271 0.7169362 0.6690901 0.7423659 0.6690901 0.7077322 0.7137995 0.6935782 0.7640128 0.7127430 0.5952179 0.6563533 0.5952179 1.6330129 1.5589808 0.9314621 2.4427586 2.4581631 2.3865203 0.6499845 0.6356010 0.0000000 0.0041099 0.0041154 0.0058896 0.0071167 0.0005816 0.2163929 0.2123651 0.2734868 0.2404724 0.2741372 0.2404724 0.2645126 0.2487401 0.2729715 0.2487401 
XM_068251735.1 1.2626500 1.3272948 1.3272948 2.0369318 2.0100060 1.9512842 2.1009594 2.1009594 2.2297806 2.0756049 2.2313257 2.0785299 1.1399437 1.2880190 1.1400963 0.8045291 0.8178465 0.9141469 0.9230979 0.9319532 0.6479997 0.8653401 0.7848750 0.7848750 0.9256773 0.7848750 0.8576814 0.7665466 0.7665466 0.8877475 0.8264952 0.7012983 0.8467420 0.7441681 0.6936192 0.7296699 0.6713510 0.6978927 0.6924559 0.6979826 0.7952822 0.6979826 0.6066265 0.6598762 0.5964787 1.7370151 1.5589808 0.9651557 2.5421076 2.5661696 2.4504371 0.7240197 0.6135493 0.0041099 0.0000000 0.0059112 0.0035166 0.0195642 0.0023362 0.2163929 0.2123651 0.2813017 0.2783205 0.3096415 0.2440273 0.3222766 0.2888829 0.2998182 0.2967800 
XM_068251738.1 1.2500063 1.2668994 1.2668994 1.9621386 1.9610130 1.9429570 2.0043918 2.0043918 2.1364228 2.0638631 2.1306786 2.0800720 1.1398584 1.2134463 1.1336419 0.8045291 0.8121360 0.8640448 0.8672551 0.8513886 0.6414203 0.7957438 0.7848750 0.7848750 0.8455761 0.7848750 0.8006893 0.7665466 0.7665466 0.8315100 0.7507374 0.6959258 0.7708297 0.7159474 0.6798889 0.7198356 0.6808819 0.6977857 0.7021144 0.6926059 0.7465239 0.6926059 0.6106287 0.6447613 0.6055253 1.6111181 1.5589808 0.9270721 2.4046339 2.3798875 2.4062105 0.6439161 0.6078943 0.0041154 0.0059112 0.0000000 0.0065416 0.0041136 0.0023342 0.2163929 0.2123651 0.2593154 0.2466302 0.2693359 0.2396438 0.2810078 0.2564663 0.2680658 0.2548444 
