24
XM_069631968.1 0.0000000 0.3207485 0.7195546 1.0864579 1.0252743 1.0675828 0.9763100 0.9231166 1.0068789 0.8359345 0.8931580 0.9122775 0.9228435 0.9424926 0.6466214 0.8052052 0.9242527 0.9376527 0.9229117 0.9470408 0.9724293 0.9094232 0.8453049 0.9079135 
XM_069202923.1 0.3207485 0.0000000 0.7183591 0.9935967 0.8863777 0.9482841 0.8361745 0.8533025 0.9871783 0.7676166 0.8950645 0.7460288 0.7972091 0.8377865 0.6123447 0.8029459 0.8838642 0.8953130 0.8843257 0.8593250 0.9126537 0.8589975 0.8202688 0.8026331 
XM_029591122.1 0.7195546 0.7183591 0.0000000 0.6904840 0.3703422 0.4173689 0.7051723 0.6457449 0.6793610 0.6150664 0.5560513 0.5653387 0.6105603 0.6435457 0.5394092 0.6307679 0.6710100 0.6006354 0.5974752 0.6538041 0.6028700 0.5842707 0.5781160 0.6045520 
XM_063459866.1 1.0864579 0.9935967 0.6904840 0.0000000 0.7799633 0.8141102 0.4511501 0.5520000 0.5921123 0.5283262 0.5518089 0.5113787 0.4929473 0.5183798 0.3592369 0.5397102 0.6188762 0.6158056 0.6041052 0.5230547 0.5408376 0.5410348 0.5403437 0.5219819 
XM_030192596.1 1.0252743 0.8863777 0.3703422 0.7799633 0.0000000 0.0956278 0.7225566 0.6342415 0.6731499 0.7766944 0.6370167 0.5445297 0.5772085 0.5611482 0.4582921 0.6778239 0.7337384 0.5923842 0.5923563 0.6116297 0.5562989 0.5584881 0.5764389 0.5262635 
XM_033930814.1 1.0675828 0.9482841 0.4173689 0.8141102 0.0956278 0.0000000 0.7599272 0.6749999 0.7292652 0.8242475 0.6968031 0.6231679 0.6689955 0.6479819 0.5007349 0.7336527 0.7717427 0.7112853 0.7048531 0.7000133 0.6667275 0.6733943 0.6686655 0.6330410 
XM_053464210.1 0.9763100 0.8361745 0.7051723 0.4511501 0.7225566 0.7599272 0.0000000 0.5187118 0.5366991 0.5049958 0.5215889 0.4671421 0.4519760 0.4695810 0.3393735 0.5169605 0.5891876 0.5593266 0.5724936 0.4781855 0.5624587 0.4888439 0.5372827 0.4780195 
XM_068267434.1 0.9231166 0.8533025 0.6457449 0.5520000 0.6342415 0.6749999 0.5187118 0.0000000 0.5485031 0.5229855 0.4015472 0.2792487 0.2877066 0.3261643 0.2105056 0.4020295 0.4976562 0.4551415 0.4602223 0.4226200 0.4104485 0.4270939 0.3891311 0.3679732 
XM_053700900.1 1.0068789 0.9871783 0.6793610 0.5921123 0.6731499 0.7292652 0.5366991 0.5485031 0.0000000 0.5381390 0.5281324 0.4632789 0.4548934 0.4685026 0.3528509 0.5349037 0.6224677 0.5425460 0.5533776 0.5092803 0.5466173 0.4911953 0.5309643 0.4817848 
NM_001037252.1 0.8359345 0.7676166 0.6150664 0.5283262 0.7766944 0.8242475 0.5049958 0.5229855 0.5381390 0.0000000 0.4765337 0.4618552 0.4387406 0.4543508 0.3484825 0.4086887 0.4950841 0.4937475 0.4753127 0.4384342 0.4700065 0.4204884 0.4697563 0.4264065 
XM_063951336.1 0.8931580 0.8950645 0.5560513 0.5518089 0.6370167 0.6968031 0.5215889 0.4015472 0.5281324 0.4765337 0.0000000 0.3597200 0.3511063 0.3780018 0.2503340 0.3749393 0.4396538 0.3619170 0.3709776 0.3550873 0.3564729 0.3237655 0.3692601 0.3231420 
XM_073612298.1 0.9122775 0.7460288 0.5653387 0.5113787 0.5445297 0.6231679 0.4671421 0.2792487 0.4632789 0.4618552 0.3597200 0.0000000 0.0409015 0.1253866 0.0675500 0.3324154 0.4174775 0.3258104 0.3355396 0.3286998 0.3120442 0.3303252 0.3521858 0.3044139 
XM_040335413.1 0.9228435 0.7972091 0.6105603 0.4929473 0.5772085 0.6689955 0.4519760 0.2877066 0.4548934 0.4387406 0.3511063 0.0409015 0.0000000 0.1533965 0.0723920 0.3749602 0.4354781 0.3686004 0.3801262 0.3329451 0.3594563 0.3340146 0.3950506 0.3308897 
XM_072407139.1 0.9424926 0.8377865 0.6435457 0.5183798 0.5611482 0.6479819 0.4695810 0.3261643 0.4685026 0.4543508 0.3780018 0.1253866 0.1533965 0.0000000 0.0680141 0.3850294 0.4720027 0.4009485 0.4115288 0.3439295 0.3963831 0.3617983 0.3714724 0.3478640 
XM_018567823.1 0.6466214 0.6123447 0.5394092 0.3592369 0.4582921 0.5007349 0.3393735 0.2105056 0.3528509 0.3484825 0.2503340 0.0675500 0.0723920 0.0680141 0.0000000 0.2818201 0.3296283 0.2557311 0.2584613 0.2244552 0.2398899 0.2317100 0.2524606 0.2412289 
XM_069744833.1 0.8052052 0.8029459 0.6307679 0.5397102 0.6778239 0.7336527 0.5169605 0.4020295 0.5349037 0.4086887 0.3749393 0.3324154 0.3749602 0.3850294 0.2818201 0.0000000 0.1308642 0.2358787 0.2374114 0.1539969 0.2195313 0.2132832 0.2382901 0.2012924 
XM_073574496.1 0.9242527 0.8838642 0.6710100 0.6188762 0.7337384 0.7717427 0.5891876 0.4976562 0.6224677 0.4950841 0.4396538 0.4174775 0.4354781 0.4720027 0.3296283 0.1308642 0.0000000 0.2905486 0.2859816 0.1845965 0.3023958 0.2637215 0.3012965 0.2667321 
XM_044282970.1 0.9376527 0.8953130 0.6006354 0.6158056 0.5923842 0.7112853 0.5593266 0.4551415 0.5425460 0.4937475 0.3619170 0.3258104 0.3686004 0.4009485 0.2557311 0.2358787 0.2905486 0.0000000 0.0193925 0.1786801 0.1696347 0.1554881 0.1767542 0.1465671 
XM_040420567.1 0.9229117 0.8843257 0.5974752 0.6041052 0.5923563 0.7048531 0.5724936 0.4602223 0.5533776 0.4753127 0.3709776 0.3355396 0.3801262 0.4115288 0.2584613 0.2374114 0.2859816 0.0193925 0.0000000 0.1805886 0.1724319 0.1544509 0.1736038 0.1434216 
XM_073657359.1 0.9470408 0.8593250 0.6538041 0.5230547 0.6116297 0.7000133 0.4781855 0.4226200 0.5092803 0.4384342 0.3550873 0.3286998 0.3329451 0.3439295 0.2244552 0.1539969 0.1845965 0.1786801 0.1805886 0.0000000 0.1868892 0.1367214 0.1767606 0.1331047 
XM_072132616.1 0.9724293 0.9126537 0.6028700 0.5408376 0.5562989 0.6667275 0.5624587 0.4104485 0.5466173 0.4700065 0.3564729 0.3120442 0.3594563 0.3963831 0.2398899 0.2195313 0.3023958 0.1696347 0.1724319 0.1868892 0.0000000 0.1563521 0.1729291 0.1496102 
XM_066573292.1 0.9094232 0.8589975 0.5842707 0.5410348 0.5584881 0.6733943 0.4888439 0.4270939 0.4911953 0.4204884 0.3237655 0.3303252 0.3340146 0.3617983 0.2317100 0.2132832 0.2637215 0.1554881 0.1544509 0.1367214 0.1563521 0.0000000 0.1476107 0.1135581 
XM_056555132.1 0.8453049 0.8202688 0.5781160 0.5403437 0.5764389 0.6686655 0.5372827 0.3891311 0.5309643 0.4697563 0.3692601 0.3521858 0.3950506 0.3714724 0.2524606 0.2382901 0.3012965 0.1767542 0.1736038 0.1767606 0.1729291 0.1476107 0.0000000 0.1098524 
XM_069976436.1 0.9079135 0.8026331 0.6045520 0.5219819 0.5262635 0.6330410 0.4780195 0.3679732 0.4817848 0.4264065 0.3231420 0.3044139 0.3308897 0.3478640 0.2412289 0.2012924 0.2667321 0.1465671 0.1434216 0.1331047 0.1496102 0.1135581 0.1098524 0.0000000 
