26
NM_001097288.1 0.0000000 0.5690437 0.4653769 0.4501821 0.4909136 0.5497079 0.6000265 0.4725859 0.4957163 0.5940219 0.5805171 0.5221554 0.6181021 0.5000842 0.5926361 0.5641697 0.5061810 0.5514481 0.5566438 0.5594160 0.5616481 0.5500986 0.4021850 0.5328955 0.5313569 0.5354754 
XM_068249128.1 0.5690437 0.0000000 0.5906320 0.5899645 0.6249641 0.4791499 0.4211110 0.3355053 0.3650922 0.4218103 0.6605891 0.6320099 0.6940431 0.4719979 0.6715407 0.6483676 0.4729052 0.4978664 0.4996234 0.5001653 0.5201953 0.4863374 0.3881161 0.4752777 0.4746022 0.4775362 
XM_053695527.1 0.4653769 0.5906320 0.0000000 0.4332185 0.4449784 0.5315727 0.4817817 0.4202786 0.4611232 0.4947170 0.4934572 0.5000554 0.5100145 0.4865983 0.5351840 0.5364987 0.4565948 0.4655558 0.4724565 0.4765880 0.4903623 0.4546877 0.4003610 0.4609879 0.4605670 0.4627557 
XM_063432863.1 0.4501821 0.5899645 0.4332185 0.0000000 0.3431280 0.5188329 0.4534352 0.4162179 0.4578732 0.4701117 0.4906374 0.5306632 0.5103166 0.4756146 0.5122439 0.5322583 0.4757398 0.4778579 0.4551380 0.4573514 0.5379948 0.4675035 0.4128679 0.4518262 0.4492704 0.4475873 
XM_053472384.1 0.4909136 0.6249641 0.4449784 0.3431280 0.0000000 0.5946298 0.5675317 0.4143793 0.4465257 0.5653151 0.6129905 0.5362675 0.6366668 0.5398362 0.6732724 0.6555234 0.4856637 0.5272543 0.5268179 0.5310402 0.5718969 0.5296236 0.4036725 0.5253206 0.5238503 0.5232740 
XM_056538627.1 0.5497079 0.4791499 0.5315727 0.5188329 0.5946298 0.0000000 0.5267788 0.3810228 0.4159586 0.5292960 0.6358760 0.5822805 0.6842589 0.4206839 0.6928802 0.6688989 0.2747591 0.2995224 0.2992446 0.3022647 0.2438490 0.2849498 0.2152540 0.2708148 0.2718547 0.2765982 
XM_072431191.1 0.6000265 0.4211110 0.4817817 0.4534352 0.5675317 0.5267788 0.0000000 0.1197580 0.1403333 0.1576361 0.6809889 0.5530202 0.6923811 0.4438209 0.7395911 0.7149344 0.4115560 0.4455471 0.4571977 0.4574537 0.4679304 0.4547998 0.3435240 0.4450541 0.4413703 0.4411662 
XM_018560444.1 0.4725859 0.3355053 0.4202786 0.4162179 0.4143793 0.3810228 0.1197580 0.0000000 0.1105956 0.1060649 0.4792794 0.4841817 0.4780906 0.3019740 0.5088285 0.5084310 0.3418215 0.3384162 0.3506138 0.3518186 0.3415297 0.3349041 0.3325831 0.3279773 0.3295329 0.3316213 
XM_040324109.1 0.4957163 0.3650922 0.4611232 0.4578732 0.4465257 0.4159586 0.1403333 0.1105956 0.0000000 0.0375387 0.5178177 0.5237670 0.5202348 0.3326520 0.5589368 0.5477871 0.3738012 0.3733466 0.3754723 0.3757063 0.3822014 0.3679154 0.3471354 0.3649168 0.3643850 0.3643237 
XM_073599615.1 0.5940219 0.4218103 0.4947170 0.4701117 0.5653151 0.5292960 0.1576361 0.1060649 0.0375387 0.0000000 0.6851468 0.5725404 0.7070973 0.4354710 0.7486386 0.7356606 0.4220578 0.4618426 0.4697835 0.4712226 0.4586651 0.4536957 0.3439490 0.4427190 0.4412920 0.4425766 
XM_029610808.1 0.5805171 0.6605891 0.4934572 0.4906374 0.6129905 0.6358760 0.6809889 0.4792794 0.5178177 0.6851468 0.0000000 0.1520214 0.1782575 0.6603063 0.5154043 0.5073944 0.5476478 0.6134793 0.6396796 0.6460178 0.6466552 0.6190760 0.4460929 0.5978634 0.5871512 0.5955068 
XM_033960230.1 0.5221554 0.6320099 0.5000554 0.5306632 0.5362675 0.5822805 0.5530202 0.4841817 0.5237670 0.5725404 0.1520214 0.0000000 0.0746255 0.5561439 0.4253954 0.4411829 0.5589991 0.5657263 0.5525986 0.5566222 0.5715369 0.5293275 0.4576524 0.5386111 0.5323917 0.5361612 
XM_030207641.1 0.6181021 0.6940431 0.5100145 0.5103166 0.6366668 0.6842589 0.6923811 0.4780906 0.5202348 0.7070973 0.1782575 0.0746255 0.0000000 0.7055974 0.5702346 0.5648051 0.5823697 0.6558271 0.6655645 0.6704014 0.6813858 0.6394038 0.4603261 0.6223799 0.6175930 0.6181371 
XM_063935890.1 0.5000842 0.4719979 0.4865983 0.4756146 0.5398362 0.4206839 0.4438209 0.3019740 0.3326520 0.4354710 0.6603063 0.5561439 0.7055974 0.0000000 0.6928798 0.6861979 0.3424422 0.3769166 0.3844803 0.3865031 0.4706205 0.3620697 0.2928623 0.3552123 0.3555240 0.3607264 
XM_069609590.1 0.5926361 0.6715407 0.5351840 0.5122439 0.6732724 0.6928802 0.7395911 0.5088285 0.5589368 0.7486386 0.5154043 0.4253954 0.5702346 0.6928798 0.0000000 0.2828565 0.5799456 0.6547081 0.6612325 0.6660544 0.6529735 0.6424239 0.4656535 0.6300056 0.6238274 0.6267478 
XM_069241596.1 0.5641697 0.6483676 0.5364987 0.5322583 0.6555234 0.6688989 0.7149344 0.5084310 0.5477871 0.7356606 0.5073944 0.4411829 0.5648051 0.6861979 0.2828565 0.0000000 0.5716624 0.6313680 0.6424143 0.6457567 0.6282318 0.6131664 0.4547328 0.5900879 0.5888138 0.5954595 
XM_073640762.1 0.5061810 0.4729052 0.4565948 0.4757398 0.4856637 0.2747591 0.4115560 0.3418215 0.3738012 0.4220578 0.5476478 0.5589991 0.5823697 0.3424422 0.5799456 0.5716624 0.0000000 0.0597307 0.0612273 0.0614118 0.2156303 0.1781537 0.1750787 0.1643728 0.1634908 0.1701105 
XM_073559375.1 0.5514481 0.4978664 0.4655558 0.4778579 0.5272543 0.2995224 0.4455471 0.3384162 0.3733466 0.4618426 0.6134793 0.5657263 0.6558271 0.3769166 0.6547081 0.6313680 0.0597307 0.0000000 0.0439353 0.0440227 0.2371085 0.1984014 0.1805515 0.1786787 0.1789197 0.1840648 
XM_069747471.1 0.5566438 0.4996234 0.4724565 0.4551380 0.5268179 0.2992446 0.4571977 0.3506138 0.3754723 0.4697835 0.6396796 0.5525986 0.6655645 0.3844803 0.6612325 0.6424143 0.0612273 0.0439353 0.0000000 0.0000010 0.2441639 0.1972721 0.1814392 0.1812127 0.1806388 0.1864723 
XM_069747472.1 0.5594160 0.5001653 0.4765880 0.4573514 0.5310402 0.3022647 0.4574537 0.3518186 0.3757063 0.4712226 0.6460178 0.5566222 0.6704014 0.3865031 0.6660544 0.6457567 0.0614118 0.0440227 0.0000010 0.0000000 0.2459337 0.1979404 0.1817265 0.1814230 0.1814042 0.1873333 
XM_069943245.1 0.5616481 0.5201953 0.4903623 0.5379948 0.5718969 0.2438490 0.4679304 0.3415297 0.3822014 0.4586651 0.6466552 0.5715369 0.6813858 0.4706205 0.6529735 0.6282318 0.2156303 0.2371085 0.2441639 0.2459337 0.0000000 0.2105571 0.1880580 0.1911070 0.1930902 0.1995700 
XM_066580247.1 0.5500986 0.4863374 0.4546877 0.4675035 0.5296236 0.2849498 0.4547998 0.3349041 0.3679154 0.4536957 0.6190760 0.5293275 0.6394038 0.3620697 0.6424239 0.6131664 0.1781537 0.1984014 0.1972721 0.1979404 0.2105571 0.0000000 0.1698356 0.1542851 0.1548534 0.1582319 
XM_072125833.1 0.4021850 0.3881161 0.4003610 0.4128679 0.4036725 0.2152540 0.3435240 0.3325831 0.3471354 0.3439490 0.4460929 0.4576524 0.4603261 0.2928623 0.4656535 0.4547328 0.1750787 0.1805515 0.1814392 0.1817265 0.1880580 0.1698356 0.0000000 0.1608765 0.1603625 0.1603625 
XM_040405807.1 0.5328955 0.4752777 0.4609879 0.4518262 0.5253206 0.2708148 0.4450541 0.3279773 0.3649168 0.4427190 0.5978634 0.5386111 0.6223799 0.3552123 0.6300056 0.5900879 0.1643728 0.1786787 0.1812127 0.1814230 0.1911070 0.1542851 0.1608765 0.0000000 0.0145423 0.0220168 
XM_044268692.1 0.5313569 0.4746022 0.4605670 0.4492704 0.5238503 0.2718547 0.4413703 0.3295329 0.3643850 0.4412920 0.5871512 0.5323917 0.6175930 0.3555240 0.6238274 0.5888138 0.1634908 0.1789197 0.1806388 0.1814042 0.1930902 0.1548534 0.1603625 0.0145423 0.0000000 0.0081632 
XM_044268693.1 0.5354754 0.4775362 0.4627557 0.4475873 0.5232740 0.2765982 0.4411662 0.3316213 0.3643237 0.4425766 0.5955068 0.5361612 0.6181371 0.3607264 0.6267478 0.5954595 0.1701105 0.1840648 0.1864723 0.1873333 0.1995700 0.1582319 0.1603625 0.0220168 0.0081632 0.0000000 
